01012400
01012401
01012402
01012403
01012404
01012405
01012406
01012407
01012408
01012409
01012410
01012411
01012412
01012413
01012414
01012415
01012416
01012417
01012418
01012419
01012420
01012421
01012422
01012423
02012400
02012401
02012402
02012403
02012404
02012405
02012406
02012407
02012408
02012409
02012410
02012411
02012412
02012413
02012414
02012415
02012416
02012417
02012418
02012419
02012420
02012421
02012422
02012423
03012400
03012401
03012402
03012403
03012404
03012405
03012406
03012407
03012408
03012409
03012410
03012411
03012412
03012413
03012414
03012415
03012416
03012417
03012418
03012419
03012420
03012421
03012422
03012423
04012400
04012401
04012402
04012403
04012404
04012405
04012406
04012407
04012408
04012409
04012410
04012411
04012412
04012413
04012414
04012415
04012416
04012417
04012418
04012419
04012420
04012421
04012422
04012423
05012400
05012401
05012402
05012403
05012404
05012405
05012406
05012407
05012408
05012409
05012410
05012411
05012412
05012413
05012414
05012415
05012416
05012417
05012418
05012419
05012420
05012421
05012422
05012423
06012400
06012401
06012402
06012403
06012404
06012405
06012406
06012407
06012408
06012409
06012410
06012411
06012412
06012413
06012414
06012415
06012416
06012417
06012418
06012419
06012420
06012421
06012422
06012423
07012400
07012401
07012402
07012403
07012404
07012405
07012406
07012407
07012408
07012409
07012410
07012411
07012412
07012413
07012414
07012415
07012416
07012417
07012418
07012419
07012420
07012421
07012422
07012423
08012400
08012401
08012402
08012403
08012404
08012405
08012406
08012407
08012408
08012409
08012410
08012411
08012412
08012413
08012414
08012415
08012416
08012417
08012418
08012419
08012420
08012421
08012422
08012423
09012400
09012401
09012402
09012403
09012404
09012405
09012406
09012407
09012408
09012409
09012410
09012411
09012412
09012413
09012414
09012415
09012416
09012417
09012418
09012419
09012420
09012421
09012422
09012423
10012400
10012401
10012402
10012403
10012404
10012405
10012406
10012407
10012408
10012409
10012410
10012411
10012412
10012413
10012414
10012415
10012416
10012417
10012418
10012419
10012420
10012421
10012422
10012423
11012400
11012401
11012402
11012403
11012404
11012405
11012406
11012407
11012408
11012409
11012410
11012411
11012412
11012413
11012414
11012415
11012416
11012417
11012418
11012419
11012420
11012421
11012422
11012423
12012400
12012401
12012402
12012403
12012404
12012405
12012406
12012407
12012408
12012409
12012410
12012411
12012412
12012413
12012414
12012415
12012416
12012417
12012418
12012419
12012420
12012421
12012422
12012423
13012400
13012401
13012402
13012403
13012404
13012405
13012406
13012407
13012408
13012409
13012410
13012411
13012412
13012413
13012414
13012415
13012416
13012417
13012418
13012419
13012420
13012421
13012422
13012423
14012400
14012401
14012402
14012403
14012404
14012405
14012406
14012407
14012408
14012409
14012410
14012411
14012412
14012413
14012414
14012415
14012416
14012417
14012418
14012419
14012420
14012421
14012422
14012423
15012400
15012401
15012402
15012403
15012404
15012405
15012406
15012407
15012408
15012409
15012410
15012411
15012412
15012413
15012414
15012415
15012416
15012417
15012418
15012419
15012420
15012421
15012422
15012423
16012400
16012401
16012402
16012403
16012404
16012405
16012406
16012407
16012408
16012409
16012410
16012411
16012412
16012413
16012414
16012415
16012416
16012417
16012418
16012419
16012420
16012421
16012422
16012423
17012400
17012401
17012402
17012403
17012404
17012405
17012406
17012407
17012408
17012409
17012410
17012411
17012412
17012413
17012414
17012415
17012416
17012417
17012418
17012419
17012420
17012421
17012422
17012423
18012400
18012401
18012402
18012403
18012404
18012405
18012406
18012407
18012408
18012409
18012410
18012411
18012412
18012413
18012414
18012415
18012416
18012417
18012418
18012419
18012420
18012421
18012422
18012423
19012400
19012401
19012402
19012403
19012404
19012405
19012406
19012407
19012408
19012409
19012410
19012411
19012412
19012413
19012414
19012415
19012416
19012417
19012418
19012419
19012420
19012421
19012422
19012423
20012400
20012401
20012402
20012403
20012404
20012405
20012406
20012407
20012408
20012409
20012410
20012411
20012412
20012413
20012414
20012415
20012416
20012417
20012418
20012419
20012420
20012421
20012422
20012423
21012400
21012401
21012402
21012403
21012404
21012405
21012406
21012407
21012408
21012409
21012410
21012411
21012412
21012413
21012414
21012415
21012416
21012417
21012418
21012419
21012420
21012421
21012422
21012423
22012400
22012401
22012402
22012403
22012404
22012405
22012406
22012407
22012408
22012409
22012410
22012411
22012412
22012413
22012414
22012415
22012416
22012417
22012418
22012419
22012420
22012421
22012422
22012423
23012400
23012401
23012402
23012403
23012404
23012405
23012406
23012407
23012408
23012409
23012410
23012411
23012412
23012413
23012414
23012415
23012416
23012417
23012418
23012419
23012420
23012421
23012422
23012423
24012400
24012401
24012402
24012403
24012404
24012405
24012406
24012407
24012408
24012409
24012410
24012411
24012412
24012413
24012414
24012415
24012416
24012417
24012418
24012419
24012420
24012421
24012422
24012423
25012400
25012401
25012402
25012403
25012404
25012405
25012406
25012407
25012408
25012409
25012410
25012411
25012412
25012413
25012414
25012415
25012416
25012417
25012418
25012419
25012420
25012421
25012422
25012423
26012400
26012401
26012402
26012403
26012404
26012405
26012406
26012407
26012408
26012409
26012410
26012411
26012412
26012413
26012414
26012415
26012416
26012417
26012418
26012419
26012420
26012421
26012422
26012423
27012400
27012401
27012402
27012403
27012404
27012405
27012406
27012407
27012408
27012409
27012410
27012411
27012412
27012413
27012414
27012415
27012416
27012417
27012418
27012419
27012420
27012421
27012422
27012423
28012400
28012401
28012402
28012403
28012404
28012405
28012406
28012407
28012408
28012409
28012410
28012411
28012412
28012413
28012414
28012415
28012416
28012417
28012418
28012419
28012420
28012421
28012422
28012423
29012400
29012401
29012402
29012403
29012404
29012405
29012406
29012407
29012408
29012409
29012410
29012411
29012412
29012413
29012414
29012415
29012416
29012417
29012418
29012419
29012420
29012421
29012422
29012423
30012400
30012401
30012402
30012403
30012404
30012405
30012406
30012407
30012408
30012409
30012410
30012411
30012412
30012413
30012414
30012415
30012416
30012417
30012418
30012419
30012420
30012421
30012422
30012423
31012400
31012401
31012402
31012403
31012404
31012405
31012406
31012407
31012408
31012409
31012410
31012411
31012412
31012413
31012414
31012415
31012416
31012417
31012418
31012419
31012420
31012421
31012422
31012423
01022400
01022401
01022402
01022403
01022404
01022405
01022406
01022407
01022408
01022409
01022410
01022411
01022412
01022413
01022414
01022415
01022416
01022417
01022418
01022419
01022420
01022421
01022422
01022423
02022400
02022401
02022402
02022403
02022404
02022405
02022406
02022407
02022408
02022409
02022410
02022411
02022412
02022413
02022414
02022415
02022416
02022417
02022418
02022419
02022420
02022421
02022422
02022423
03022400
03022401
03022402
03022403
03022404
03022405
03022406
03022407
03022408
03022409
03022410
03022411
03022412
03022413
03022414
03022415
03022416
03022417
03022418
03022419
03022420
03022421
03022422
03022423
04022400
04022401
04022402
04022403
04022404
04022405
04022406
04022407
04022408
04022409
04022410
04022411
04022412
04022413
04022414
04022415
04022416
04022417
04022418
04022419
04022420
04022421
04022422
04022423
05022400
05022401
05022402
05022403
05022404
05022405
05022406
05022407
05022408
05022409
05022410
05022411
05022412
05022413
05022414
05022415
05022416
05022417
05022418
05022419
05022420
05022421
05022422
05022423
06022400
06022401
06022402
06022403
06022404
06022405
06022406
06022407
06022408
06022409
06022410
06022411
06022412
06022413
06022414
06022415
06022416
06022417
06022418
06022419
06022420
06022421
06022422
06022423
07022400
07022401
07022402
07022403
07022404
07022405
07022406
07022407
07022408
07022409
07022410
07022411
07022412
07022413
07022414
07022415
07022416
07022417
07022418
07022419
07022420
07022421
07022422
07022423
08022400
08022401
08022402
08022403
08022404
08022405
08022406
08022407
08022408
08022409
08022410
08022411
08022412
08022413
08022414
08022415
08022416
08022417
08022418
08022419
08022420
08022421
08022422
08022423
09022400
09022401
09022402
09022403
09022404
09022405
09022406
09022407
09022408
09022409
09022410
09022411
09022412
09022413
09022414
09022415
09022416
09022417
09022418
09022419
09022420
09022421
09022422
09022423
10022400
10022401
10022402
10022403
10022404
10022405
10022406
10022407
10022408
10022409
10022410
10022411
10022412
10022413
10022414
10022415
10022416
10022417
10022418
10022419
10022420
10022421
10022422
10022423
11022400
11022401
11022402
11022403
11022404
11022405
11022406
11022407
11022408
11022409
11022410
11022411
11022412
11022413
11022414
11022415
11022416
11022417
11022418
11022419
11022420
11022421
11022422
11022423
12022400
12022401
12022402
12022403
12022404
12022405
12022406
12022407
12022408
12022409
12022410
12022411
12022412
12022413
12022414
12022415
12022416
12022417
12022418
12022419
12022420
12022421
12022422
12022423
13022400
13022401
13022402
13022403
13022404
13022405
13022406
13022407
13022408
13022409
13022410
13022411
13022412
13022413
13022414
13022415
13022416
13022417
13022418
13022419
13022420
13022421
13022422
13022423
14022400
14022401
14022402
14022403
14022404
14022405
14022406
14022407
14022408
14022409
14022410
14022411
14022412
14022413
14022414
14022415
14022416
14022417
14022418
14022419
14022420
14022421
14022422
14022423
15022400
15022401
15022402
15022403
15022404
15022405
15022406
15022407
15022408
15022409
15022410
15022411
15022412
15022413
15022414
15022415
15022416
15022417
15022418
15022419
15022420
15022421
15022422
15022423
16022400
16022401
16022402
16022403
16022404
16022405
16022406
16022407
16022408
16022409
16022410
16022411
16022412
16022413
16022414
16022415
16022416
16022417
16022418
16022419
16022420
16022421
16022422
16022423
17022400
17022401
17022402
17022403
17022404
17022405
17022406
17022407
17022408
17022409
17022410
17022411
17022412
17022413
17022414
17022415
17022416
17022417
17022418
17022419
17022420
17022421
17022422
17022423
18022400
18022401
18022402
18022403
18022404
18022405
18022406
18022407
18022408
18022409
18022410
18022411
18022412
18022413
18022414
18022415
18022416
18022417
18022418
18022419
18022420
18022421
18022422
18022423
19022400
19022401
19022402
19022403
19022404
19022405
19022406
19022407
19022408
19022409
19022410
19022411
19022412
19022413
19022414
19022415
19022416
19022417
19022418
19022419
19022420
19022421
19022422
19022423
20022400
20022401
20022402
20022403
20022404
20022405
20022406
20022407
20022408
20022409
20022410
20022411
20022412
20022413
20022414
20022415
20022416
20022417
20022418
20022419
20022420
20022421
20022422
20022423
21022400
21022401
21022402
21022403
21022404
21022405
21022406
21022407
21022408
21022409
21022410
21022411
21022412
21022413
21022414
21022415
21022416
21022417
21022418
21022419
21022420
21022421
21022422
21022423
22022400
22022401
22022402
22022403
22022404
22022405
22022406
22022407
22022408
22022409
22022410
22022411
22022412
22022413
22022414
22022415
22022416
22022417
22022418
22022419
22022420
22022421
22022422
22022423
23022400
23022401
23022402
23022403
23022404
23022405
23022406
23022407
23022408
23022409
23022410
23022411
23022412
23022413
23022414
23022415
23022416
23022417
23022418
23022419
23022420
23022421
23022422
23022423
24022400
24022401
24022402
24022403
24022404
24022405
24022406
24022407
24022408
24022409
24022410
24022411
24022412
24022413
24022414
24022415
24022416
24022417
24022418
24022419
24022420
24022421
24022422
24022423
25022400
25022401
25022402
25022403
25022404
25022405
25022406
25022407
25022408
25022409
25022410
25022411
25022412
25022413
25022414
25022415
25022416
25022417
25022418
25022419
25022420
25022421
25022422
25022423
26022400
26022401
26022402
26022403
26022404
26022405
26022406
26022407
26022408
26022409
26022410
26022411
26022412
26022413
26022414
26022415
26022416
26022417
26022418
26022419
26022420
26022421
26022422
26022423
27022400
27022401
27022402
27022403
27022404
27022405
27022406
27022407
27022408
27022409
27022410
27022411
27022412
27022413
27022414
27022415
27022416
27022417
27022418
27022419
27022420
27022421
27022422
27022423
28022400
28022401
28022402
28022403
28022404
28022405
28022406
28022407
28022408
28022409
28022410
28022411
28022412
28022413
28022414
28022415
28022416
28022417
28022418
28022419
28022420
28022421
28022422
28022423
29022400
29022401
29022402
29022403
29022404
29022405
29022406
29022407
29022408
29022409
29022410
29022411
29022412
29022413
29022414
29022415
29022416
29022417
29022418
29022419
29022420
29022421
29022422
29022423
01032400
01032401
01032402
01032403
01032404
01032405
01032406
01032407
01032408
01032409
01032410
01032411
01032412
01032413
01032414
01032415
01032416
01032417
01032418
01032419
01032420
01032421
01032422
01032423
02032400
02032401
02032402
02032403
02032404
02032405
02032406
02032407
02032408
02032409
02032410
02032411
02032412
02032413
02032414
02032415
02032416
02032417
02032418
02032419
02032420
02032421
02032422
02032423
03032400
03032401
03032402
03032403
03032404
03032405
03032406
03032407
03032408
03032409
03032410
03032411
03032412
03032413
03032414
03032415
03032416
03032417
03032418
03032419
03032420
03032421
03032422
03032423
04032400
04032401
04032402
04032403
04032404
04032405
04032406
04032407
04032408
04032409
04032410
04032411
04032412
04032413
04032414
04032415
04032416
04032417
04032418
04032419
04032420
04032421
04032422
04032423
05032400
05032401
05032402
05032403
05032404
05032405
05032406
05032407
05032408
05032409
05032410
05032411
05032412
05032413
05032414
05032415
05032416
05032417
05032418
05032419
05032420
05032421
05032422
05032423
06032400
06032401
06032402
06032403
06032404
06032405
06032406
06032407
06032408
06032409
06032410
06032411
06032412
06032413
06032414
06032415
06032416
06032417
06032418
06032419
06032420
06032421
06032422
06032423
07032400
07032401
07032402
07032403
07032404
07032405
07032406
07032407
07032408
07032409
07032410
07032411
07032412
07032413
07032414
07032415
07032416
07032417
07032418
07032419
07032420
07032421
07032422
07032423
08032400
08032401
08032402
08032403
08032404
08032405
08032406
08032407
08032408
08032409
08032410
08032411
08032412
08032413
08032414
08032415
08032416
08032417
08032418
08032419
08032420
08032421
08032422
08032423
09032400
09032401
09032402
09032403
09032404
09032405
09032406
09032407
09032408
09032409
09032410
09032411
09032412
09032413
09032414
09032415
09032416
09032417
09032418
09032419
09032420
09032421
09032422
09032423
10032400
10032401
10032402
10032403
10032404
10032405
10032406
10032407
10032408
10032409
10032410
10032411
10032412
10032413
10032414
10032415
10032416
10032417
10032418
10032419
10032420
10032421
10032422
10032423
11032400
11032401
11032402
11032403
11032404
11032405
11032406
11032407
11032408
11032409
11032410
11032411
11032412
11032413
11032414
11032415
11032416
11032417
11032418
11032419
11032420
11032421
11032422
11032423
12032400
12032401
12032402
12032403
12032404
12032405
12032406
12032407
12032408
12032409
12032410
12032411
12032412
12032413
12032414
12032415
12032416
12032417
12032418
12032419
12032420
12032421
12032422
12032423
13032400
13032401
13032402
13032403
13032404
13032405
13032406
13032407
13032408
13032409
13032410
13032411
13032412
13032413
13032414
13032415
13032416
13032417
13032418
13032419
13032420
13032421
13032422
13032423
14032400
14032401
14032402
14032403
14032404
14032405
14032406
14032407
14032408
14032409
14032410
14032411
14032412
14032413
14032414
14032415
14032416
14032417
14032418
14032419
14032420
14032421
14032422
14032423
15032400
15032401
15032402
15032403
15032404
15032405
15032406
15032407
15032408
15032409
15032410
15032411
15032412
15032413
15032414
15032415
15032416
15032417
15032418
15032419
15032420
15032421
15032422
15032423
16032400
16032401
16032402
16032403
16032404
16032405
16032406
16032407
16032408
16032409
16032410
16032411
16032412
16032413
16032414
16032415
16032416
16032417
16032418
16032419
16032420
16032421
16032422
16032423
17032400
17032401
17032402
17032403
17032404
17032405
17032406
17032407
17032408
17032409
17032410
17032411
17032412
17032413
17032414
17032415
17032416
17032417
17032418
17032419
17032420
17032421
17032422
17032423
18032400
18032401
18032402
18032403
18032404
18032405
18032406
18032407
18032408
18032409
18032410
18032411
18032412
18032413
18032414
18032415
18032416
18032417
18032418
18032419
18032420
18032421
18032422
18032423
19032400
19032401
19032402
19032403
19032404
19032405
19032406
19032407
19032408
19032409
19032410
19032411
19032412
19032413
19032414
19032415
19032416
19032417
19032418
19032419
19032420
19032421
19032422
19032423
20032400
20032401
20032402
20032403
20032404
20032405
20032406
20032407
20032408
20032409
20032410
20032411
20032412
20032413
20032414
20032415
20032416
20032417
20032418
20032419
20032420
20032421
20032422
20032423
21032400
21032401
21032402
21032403
21032404
21032405
21032406
21032407
21032408
21032409
21032410
21032411
21032412
21032413
21032414
21032415
21032416
21032417
21032418
21032419
21032420
21032421
21032422
21032423
22032400
22032401
22032402
22032403
22032404
22032405
22032406
22032407
22032408
22032409
22032410
22032411
22032412
22032413
22032414
22032415
22032416
22032417
22032418
22032419
22032420
22032421
22032422
22032423
23032400
23032401
23032402
23032403
23032404
23032405
23032406
23032407
23032408
23032409
23032410
23032411
23032412
23032413
23032414
23032415
23032416
23032417
23032418
23032419
23032420
23032421
23032422
23032423
24032400
24032401
24032402
24032403
24032404
24032405
24032406
24032407
24032408
24032409
24032410
24032411
24032412
24032413
24032414
24032415
24032416
24032417
24032418
24032419
24032420
24032421
24032422
24032423
25032400
25032401
25032402
25032403
25032404
25032405
25032406
25032407
25032408
25032409
25032410
25032411
25032412
25032413
25032414
25032415
25032416
25032417
25032418
25032419
25032420
25032421
25032422
25032423
26032400
26032401
26032402
26032403
26032404
26032405
26032406
26032407
26032408
26032409
26032410
26032411
26032412
26032413
26032414
26032415
26032416
26032417
26032418
26032419
26032420
26032421
26032422
26032423
27032400
27032401
27032402
27032403
27032404
27032405
27032406
27032407
27032408
27032409
27032410
27032411
27032412
27032413
27032414
27032415
27032416
27032417
27032418
27032419
27032420
27032421
27032422
27032423
28032400
28032401
28032402
28032403
28032404
28032405
28032406
28032407
28032408
28032409
28032410
28032411
28032412
28032413
28032414
28032415
28032416
28032417
28032418
28032419
28032420
28032421
28032422
28032423
29032400
29032401
29032402
29032403
29032404
29032405
29032406
29032407
29032408
29032409
29032410
29032411
29032412
29032413
29032414
29032415
29032416
29032417
29032418
29032419
29032420
29032421
29032422
29032423
30032400
30032401
30032402
30032403
30032404
30032405
30032406
30032407
30032408
30032409
30032410
30032411
30032412
30032413
30032414
30032415
30032416
30032417
30032418
30032419
30032420
30032421
30032422
30032423
31032400
31032401
31032402
31032403
31032404
31032405
31032406
31032407
31032408
31032409
31032410
31032411
31032412
31032413
31032414
31032415
31032416
31032417
31032418
31032419
31032420
31032421
31032422
31032423
01042400
01042401
01042402
01042403
01042404
01042405
01042406
01042407
01042408
01042409
01042410
01042411
01042412
01042413
01042414
01042415
01042416
01042417
01042418
01042419
01042420
01042421
01042422
01042423
02042400
02042401
02042402
02042403
02042404
02042405
02042406
02042407
02042408
02042409
02042410
02042411
02042412
02042413
02042414
02042415
02042416
02042417
02042418
02042419
02042420
02042421
02042422
02042423
03042400
03042401
03042402
03042403
03042404
03042405
03042406
03042407
03042408
03042409
03042410
03042411
03042412
03042413
03042414
03042415
03042416
03042417
03042418
03042419
03042420
03042421
03042422
03042423
04042400
04042401
04042402
04042403
04042404
04042405
04042406
04042407
04042408
04042409
04042410
04042411
04042412
04042413
04042414
04042415
04042416
04042417
04042418
04042419
04042420
04042421
04042422
04042423
05042400
05042401
05042402
05042403
05042404
05042405
05042406
05042407
05042408
05042409
05042410
05042411
05042412
05042413
05042414
05042415
05042416
05042417
05042418
05042419
05042420
05042421
05042422
05042423
06042400
06042401
06042402
06042403
06042404
06042405
06042406
06042407
06042408
06042409
06042410
06042411
06042412
06042413
06042414
06042415
06042416
06042417
06042418
06042419
06042420
06042421
06042422
06042423
07042400
07042401
07042403
07042404
07042405
07042406
07042407
07042408
07042409
07042410
07042411
07042412
07042413
07042414
07042415
07042416
07042417
07042418
07042419
07042420
07042421
07042422
07042423
08042400
08042401
08042402
08042403
08042404
08042405
08042406
08042407
08042408
08042409
08042410
08042411
08042412
08042413
08042414
08042415
08042416
08042417
08042418
08042419
08042420
08042421
08042422
08042423
09042400
09042401
09042402
09042403
09042404
09042405
09042406
09042407
09042408
09042409
09042410
09042411
09042412
09042413
09042414
09042415
09042416
09042417
09042418
09042419
09042420
09042421
09042422
09042423
10042400
10042401
10042402
10042403
10042404
10042405
10042406
10042407
10042408
10042409
10042410
10042411
10042412
10042413
10042414
10042415
10042416
10042417
10042418
10042419
10042420
10042421
10042422
10042423
11042400
11042401
11042402
11042403
11042404
11042405
11042406
11042407
11042408
11042409
11042410
11042411
11042412
11042413
11042414
11042415
11042416
11042417
11042418
11042419
11042420
11042421
11042422
11042423
12042400
12042401
12042402
12042403
12042404
12042405
12042406
12042407
12042408
12042409
12042410
12042411
12042412
12042413
12042414
12042415
12042416
12042417
12042418
12042419
12042420
12042421
12042422
12042423
13042400
13042401
13042402
13042403
13042404
13042405
13042406
13042407
13042408
13042409
13042410
13042411
13042412
13042413
13042414
13042415
13042416
13042417
13042418
13042419
13042420
13042421
13042422
13042423
14042400
14042401
14042402
14042403
14042404
14042405
14042406
14042407
14042408
14042409
14042410
14042411
14042412
14042413
14042414
14042415
14042416
14042417
14042418
14042419
14042420
14042421
14042422
14042423
15042400
15042401
15042402
15042403
15042404
15042405
15042406
15042407
15042408
15042409
15042410
15042411
15042412
15042413
15042414
15042415
15042416
15042417
15042418
15042419
15042420
15042421
15042422
15042423
16042400
16042401
16042402
16042403
16042404
16042405
16042406
16042407
16042408
16042409
16042410
16042411
16042412
16042413
16042414
16042415
16042416
16042417
16042418
16042419
16042420
16042421
16042422
16042423
17042400
17042401
17042402
17042403
17042404
17042405
17042406
17042407
17042408
17042409
17042410
17042411
17042412
17042413
17042414
17042415
17042416
17042417
17042418
17042419
17042420
17042421
17042422
17042423
18042400
18042401
18042402
18042403
18042404
18042405
18042406
18042407
18042408
18042409
18042410
18042411
18042412
18042413
18042414
18042415
18042416
18042417
18042418
18042419
18042420
18042421
18042422
18042423
19042400
19042401
19042402
19042403
19042404
19042405
19042406
19042407
19042408
19042409
19042410
19042411
19042412
19042413
19042414
19042415
19042416
19042417
19042418
19042419
19042420
19042421
19042422
19042423
20042400
20042401
20042402
20042403
20042404
20042405
20042406
20042407
20042408
20042409
20042410
20042411
20042412
20042413
20042414
20042415
20042416
20042417
20042418
20042419
20042420
20042421
20042422
20042423
21042400
21042401
21042402
21042403
21042404
21042405
21042406
21042407
21042408
21042409
21042410
21042411
21042412
21042413
21042414
21042415
21042416
21042417
21042418
21042419
21042420
21042421
21042422
21042423
22042400
22042401
22042402
22042403
22042404
22042405
22042406
22042407
22042408
22042409
22042410
22042411
22042412
22042413
22042414
22042415
22042416
22042417
22042418
22042419
22042420
22042421
22042422
22042423
23042400
23042401
23042402
23042403
23042404
23042405
23042406
23042407
23042408
23042409
23042410
23042411
23042412
23042413
23042414
23042415
23042416
23042417
23042418
23042419
23042420
23042421
23042422
23042423
24042400
24042401
24042402
24042403
24042404
24042405
24042406
24042407
24042408
24042409
24042410
24042411
24042412
24042413
24042414
24042415
24042416
24042417
24042418
24042419
24042420
24042421
24042422
24042423
25042400
25042401
25042402
25042403
25042404
25042405
25042406
25042407
25042408
25042409
25042410
25042411
25042412
25042413
25042414
25042415
25042416
25042417
25042418
25042419
25042420
25042421
25042422
25042423
26042400
26042401
26042402
26042403
26042404
26042405
26042406
26042407
26042408
26042409
26042410
26042411
26042412
26042413
26042414
26042415
26042416
26042417
26042418
26042419
26042420
26042421
26042422
26042423
27042400
27042401
27042402
27042403
27042404
27042405
27042406
27042407
27042408
27042409
27042410
27042411
27042412
27042413
27042414
27042415
27042416
27042417
27042418
27042419
27042420
27042421
27042422
27042423
28042400
28042401
28042402
28042403
28042404
28042405
28042406
28042407
28042408
28042409
28042410
28042411
28042412
28042413
28042414
28042415
28042416
28042417
28042418
28042419
28042420
28042421
28042422
28042423
29042400
29042401
29042402
29042403
29042404
29042405
29042406
29042407
29042408
29042409
29042410
29042411
29042412
29042413
29042414
29042415
29042416
29042417
29042418
29042419
29042420
29042421
29042422
29042423
30042400
30042401
30042402
30042403
30042404
30042405
30042406
30042407
30042408
30042409
30042410
30042411
30042412
30042413
30042414
30042415
30042416
30042417
30042418
30042419
30042420
30042421
30042422
30042423
01052400
01052401
01052402
01052403
01052404
01052405
01052406
01052407
01052408
01052409
01052410
01052411
01052412
01052413
01052414
01052415
01052416
01052417
01052418
01052419
01052420
01052421
01052422
01052423
02052400
02052401
02052402
02052403
02052404
02052405
02052406
02052407
02052408
02052409
02052410
02052411
02052412
02052413
02052414
02052415
02052416
02052417
02052418
02052419
02052420
02052421
02052422
02052423
03052400
03052401
03052402
03052403
03052404
03052405
03052406
03052407
03052408
03052409
03052410
03052411
03052412
03052413
03052414
03052415
03052416
03052417
03052418
03052419
03052420
03052421
03052422
03052423
04052400
04052401
04052402
04052403
04052404
04052405
04052406
04052407
04052408
04052409
04052410
04052411
04052412
04052413
04052414
04052415
04052416
04052417
04052418
04052419
04052420
04052421
04052422
04052423
05052400
05052401
05052402
05052403
05052404
05052405
05052406
05052407
05052408
05052409
05052410
05052411
05052412
05052413
05052414
05052415
05052416
05052417
05052418
05052419
05052420
05052421
05052422
05052423
06052400
06052401
06052402
06052403
06052404
06052405
06052406
06052407
06052408
06052409
06052410
06052411
06052412
06052413
06052414
06052415
06052416
06052417
06052418
06052419
06052420
06052421
06052422
06052423
07052400
07052401
07052402
07052403
07052404
07052405
07052406
07052407
07052408
07052409
07052410
07052411
07052412
07052413
07052414
07052415
07052416
07052417
07052418
07052419
07052420
07052421
07052422
07052423
08052400
08052401
08052402
08052403
08052404
08052405
08052406
08052407
08052408
08052409
08052410
08052411
08052412
08052413
08052414
08052415
08052416
08052417
08052418
08052419
08052420
08052421
08052422
08052423
09052400
09052401
09052402
09052403
09052404
09052405
09052406
09052407
09052408
09052409
09052410
09052411
09052412
09052413
09052414
09052415
09052416
09052417
09052418
09052419
09052420
09052421
09052422
09052423
10052400
10052401
10052402
10052403
10052404
10052405
10052406
10052407
10052408
10052409
10052410
10052411
10052412
10052413
10052414
10052415
10052416
10052417
10052418
10052419
10052420
10052421
10052422
10052423
11052400
11052401
11052402
11052403
11052404
11052405
11052406
11052407
11052408
11052409
11052410
11052411
11052412
11052413
11052414
11052415
11052416
11052417
11052418
11052419
11052420
11052421
11052422
11052423
12052400
12052401
12052402
12052403
12052404
12052405
12052406
12052407
12052408
12052409
12052410
12052411
12052412
12052413
12052414
12052415
12052416
12052417
12052418
12052419
12052420
12052421
12052422
12052423
13052400
13052401
13052402
13052403
13052404
13052405
13052406
13052407
13052408
13052409
13052410
13052411
13052412
13052413
13052414
13052415
13052416
13052417
13052418
13052419
13052420
13052421
13052422
13052423
14052400
14052401
14052402
14052403
14052404
14052405
14052406
14052407
14052408
14052409
14052410
14052411
14052412
14052413
14052414
14052415
14052416
14052417
14052418
14052419
14052420
14052421
14052422
14052423
15052400
15052401
15052402
15052403
15052404
15052405
15052406
15052407
15052408
15052409
15052410
15052411
15052412
15052413
15052414
15052415
15052416
15052417
15052418
15052419
15052420
15052421
15052422
15052423
16052400
16052401
16052402
16052403
16052404
16052405
16052406
16052407
16052408
16052409
16052410
16052411
16052412
16052413
16052414
16052415
16052416
16052417
16052418
16052419
16052420
16052421
16052422
16052423
17052400
17052401
17052402
17052403
17052404
17052405
17052406
17052407
17052408
17052409
17052410
17052411
17052412
17052413
17052414
17052415
17052416
17052417
17052418
17052419
17052420
17052421
17052422
17052423
18052400
18052401
18052402
18052403
18052404
18052405
18052406
18052407
18052408
18052409
18052410
18052411
18052412
18052413
18052414
18052415
18052416
18052417
18052418
18052419
18052420
18052421
18052422
18052423
19052400
19052401
19052402
19052403
19052404
19052405
19052406
19052407
19052408
19052409
19052410
19052411
19052412
19052413
19052414
19052415
19052416
19052417
19052418
19052419
19052420
19052421
19052422
19052423
20052400
20052401
20052402
20052403
20052404
20052405
20052406
20052407
20052408
20052409
20052410
20052411
20052412
20052413
20052414
20052415
20052416
20052417
20052418
20052419
20052420
20052421
20052422
20052423
21052400
21052401
21052402
21052403
21052404
21052405
21052406
21052407
21052408
21052409
21052410
21052411
21052412
21052413
21052414
21052415
21052416
21052417
21052418
21052419
21052420
21052421
21052422
21052423
22052400
22052401
22052402
22052403
22052404
22052405
22052406
22052407
22052408
22052409
22052410
22052411
22052412
22052413
22052414
22052415
22052416
22052417
22052418
22052419
22052420
22052421
22052422
22052423
23052400
23052401
23052402
23052403
23052404
23052405
23052406
23052407
23052408
23052409
23052410
23052411
23052412
23052413
23052414
23052415
23052416
23052417
23052418
23052419
23052420
23052421
23052422
23052423
24052400
24052401
24052402
24052403
24052404
24052405
24052406
24052407
24052408
24052409
24052410
24052411
24052412
24052413
24052414
24052415
24052416
24052417
24052418
24052419
24052420
24052421
24052422
24052423
25052400
25052401
25052402
25052403
25052404
25052405
25052406
25052407
25052408
25052409
25052410
25052411
25052412
25052413
25052414
25052415
25052416
25052417
25052418
25052419
25052420
25052421
25052422
25052423
26052400
26052401
26052402
26052403
26052404
26052405
26052406
26052407
26052408
26052409
26052410
26052411
26052412
26052413
26052414
26052415
26052416
26052417
26052418
26052419
26052420
26052421
26052422
26052423
27052400
27052401
27052402
27052403
27052404
27052405
27052406
27052407
27052408
27052409
27052410
27052411
27052412
27052413
27052414
27052415
27052416
27052417
27052418
27052419
27052420
27052421
27052422
27052423
28052400
28052401
28052402
28052403
28052404
28052405
28052406
28052407
28052408
28052409
28052410
28052411
28052412
28052413
28052414
28052415
28052416
28052417
28052418
28052419
28052420
28052421
28052422
28052423
29052400
29052401
29052402
29052403
29052404
29052405
29052406
29052407
29052408
29052409
29052410
29052411
29052412
29052413
29052414
29052415
29052416
29052417
29052418
29052419
29052420
29052421
29052422
29052423
30052400
30052401
30052402
30052403
30052404
30052405
30052406
30052407
30052408
30052409
30052410
30052411
30052412
30052413
30052414
30052415
30052416
30052417
30052418
30052419
30052420
30052421
30052422
30052423
31052400
31052401
31052402
31052403
31052404
31052405
31052406
31052407
31052408
31052409
31052410
31052411
31052412
31052413
31052414
31052415
31052416
31052417
31052418
31052419
31052420
31052421
31052422
31052423
01062400
01062401
01062402
01062403
01062404
01062405
01062406
01062407
01062408
01062409
01062410
01062411
01062412
01062413
01062414
01062415
01062416
01062417
01062418
01062419
01062420
01062421
01062422
01062423
02062400
02062401
02062402
02062403
02062404
02062405
02062406
02062407
02062408
02062409
02062410
02062411
02062412
02062413
02062414
02062415
02062416
02062417
02062418
02062419
02062420
02062421
02062422
02062423
03062400
03062401
03062402
03062403
03062404
03062405
03062406
03062407
03062408
03062409
03062410
03062411
03062412
03062413
03062414
03062415
03062416
03062417
03062418
03062419
03062420
03062421
03062422
03062423
04062400
04062401
04062402
04062403
04062404
04062405
04062406
04062407
04062408
04062409
04062410
04062411
04062412
04062413
04062414
04062415
04062416
04062417
04062418
04062419
04062420
04062421
04062422
04062423
05062400
05062401
05062402
05062403
05062404
05062405
05062406
05062407
05062408
05062409
05062410
05062411
05062412
05062413
05062414
05062415
05062416
05062417
05062418
05062419
05062420
05062421
05062422
05062423
06062400
06062401
06062402
06062403
06062404
06062405
06062406
06062407
06062408
06062409
06062410
06062411
06062412
06062413
06062414
06062415
06062416
06062417
06062418
06062419
06062420
06062421
06062422
06062423
07062400
07062401
07062402
07062403
07062404
07062405
07062406
07062407
07062408
07062409
07062410
07062411
07062412
07062413
07062414
07062415
07062416
07062417
07062418
07062419
07062420
07062421
07062422
07062423
08062400
08062401
08062402
08062403
08062404
08062405
08062406
08062407
08062408
08062409
08062410
08062411
08062412
08062413
08062414
08062415
08062416
08062417
08062418
08062419
08062420
08062421
08062422
08062423
09062400
09062401
09062402
09062403
09062404
09062405
09062406
09062407
09062408
09062409
09062410
09062411
09062412
09062413
09062414
09062415
09062416
09062417
09062418
09062419
09062420
09062421
09062422
09062423
10062400
10062401
10062402
10062403
10062404
10062405
10062406
10062407
10062408
10062409
10062410
10062411
10062412
10062413
10062414
10062415
10062416
10062417
10062418
10062419
10062420
10062421
10062422
10062423
11062400
11062401
11062402
11062403
11062404
11062405
11062406
11062407
11062408
11062409
11062410
11062411
11062412
11062413
11062414
11062415
11062416
11062417
11062418
11062419
11062420
11062421
11062422
11062423
12062400
12062401
12062402
12062403
12062404
12062405
12062406
12062407
12062408
12062409
12062410
12062411
12062412
12062413
12062414
12062415
12062416
12062417
12062418
12062419
12062420
12062421
12062422
12062423
13062400
13062401
13062402
13062403
13062404
13062405
13062406
13062407
13062408
13062409
13062410
13062411
13062412
13062413
13062414
13062415
13062416
13062417
13062418
13062419
13062420
13062421
13062422
13062423
14062400
14062401
14062402
14062403
14062404
14062405
14062406
14062407
14062408
14062409
14062410
14062411
14062412
14062413
14062414
14062415
14062416
14062417
14062418
14062419
14062420
14062421
14062422
14062423
15062400
15062401
15062402
15062403
15062404
15062405
15062406
15062407
15062408
15062409
15062410
15062411
15062412
15062413
15062414
15062415
15062416
15062417
15062418
15062419
15062420
15062421
15062422
15062423
16062400
16062401
16062402
16062403
16062404
16062405
16062406
16062407
16062408
16062409
16062410
16062411
16062412
16062413
16062414
16062415
16062416
16062417
16062418
16062419
16062420
16062421
16062422
16062423
17062400
17062401
17062402
17062403
17062404
17062405
17062406
17062407
17062408
17062409
17062410
17062411
17062412
17062413
17062414
17062415
17062416
17062417
17062418
17062419
17062420
17062421
17062422
17062423
18062400
18062401
18062402
18062403
18062404
18062405
18062406
18062407
18062408
18062409
18062410
18062411
18062412
18062413
18062414
18062415
18062416
18062417
18062418
18062419
18062420
18062421
18062422
18062423
19062400
19062401
19062402
19062403
19062404
19062405
19062406
19062407
19062408
19062409
19062410
19062411
19062412
19062413
19062414
19062415
19062416
19062417
19062418
19062419
19062420
19062421
19062422
19062423
20062400
20062401
20062402
20062403
20062404
20062405
20062406
20062407
20062408
20062409
20062410
20062411
20062412
20062413
20062414
20062415
20062416
20062417
20062418
20062419
20062420
20062421
20062422
20062423
21062400
21062401
21062402
21062403
21062404
21062405
21062406
21062407
21062408
21062409
21062410
21062411
21062412
21062413
21062414
21062415
21062416
21062417
21062418
21062419
21062420
21062421
21062422
21062423
22062400
22062401
22062402
22062403
22062404
22062405
22062406
22062407
22062408
22062409
22062410
22062411
22062412
22062413
22062414
22062415
22062416
22062417
22062418
22062419
22062420
22062421
22062422
22062423
23062400
23062401
23062402
23062403
23062404
23062405
23062406
23062407
23062408
23062409
23062410
23062411
23062412
23062413
23062414
23062415
23062416
23062417
23062418
23062419
23062420
23062421
23062422
23062423
24062400
24062401
24062402
24062403
24062404
24062405
24062406
24062407
24062408
24062409
24062410
24062411
24062412
24062413
24062414
24062415
24062416
24062417
24062418
24062419
24062420
24062421
24062422
24062423
25062400
25062401
25062402
25062403
25062404
25062405
25062406
25062407
25062408
25062409
25062410
25062411
25062412
25062413
25062414
25062415
25062416
25062417
25062418
25062419
25062420
25062421
25062422
25062423
26062400
26062401
26062402
26062403
26062404
26062405
26062406
26062407
26062408
26062409
26062410
26062411
26062412
26062413
26062414
26062415
26062416
26062417
26062418
26062419
26062420
26062421
26062422
26062423
27062400
27062401
27062402
27062403
27062404
27062405
27062406
27062407
27062408
27062409
27062410
27062411
27062412
27062413
27062414
27062415
27062416
27062417
27062418
27062419
27062420
27062421
27062422
27062423
28062400
28062401
28062402
28062403
28062404
28062405
28062406
28062407
28062408
28062409
28062410
28062411
28062412
28062413
28062414
28062415
28062416
28062417
28062418
28062419
28062420
28062421
28062422
28062423
29062400
29062401
29062402
29062403
29062404
29062405
29062406
29062407
29062408
29062409
29062410
29062411
29062412
29062413
29062414
29062415
29062416
29062417
29062418
29062419
29062420
29062421
29062422
29062423
30062400
30062401
30062402
30062403
30062404
30062405
30062406
30062407
30062408
30062409
30062410
30062411
30062412
30062413
30062414
30062415
30062416
30062417
30062418
30062419
30062420
30062421
30062422
30062423
01072400
01072401
01072402
01072403
01072404
01072405
01072406
01072407
01072408
01072409
01072410
01072411
01072412
01072413
01072414
01072415
01072416
01072417
01072418
01072419
01072420
01072421
01072422
01072423
02072400
02072401
02072402
02072403
02072404
02072405
02072406
02072407
02072408
02072409
02072410
02072411
02072412
02072413
02072414
02072415
02072416
02072417
02072418
02072419
02072420
02072421
02072422
02072423
03072400
03072401
03072402
03072403
03072404
03072405
03072406
03072407
03072408
03072409
03072410
03072411
03072412
03072413
03072414
03072415
03072416
03072417
03072418
03072419
03072420
03072421
03072422
03072423
04072400
04072401
04072402
04072403
04072404
04072405
04072406
04072407
04072408
04072409
04072410
04072411
04072412
04072413
04072414
04072415
04072416
04072417
04072418
04072419
04072420
04072421
04072422
04072423
05072400
05072401
05072402
05072403
05072404
05072405
05072406
05072407
05072408
05072409
05072410
05072411
05072412
05072413
05072414
05072415
05072416
05072417
05072418
05072419
05072420
05072421
05072422
05072423
06072400
06072401
06072402
06072403
06072404
06072405
06072406
06072407
06072408
06072409
06072410
06072411
06072412
06072413
06072414
06072415
06072416
06072417
06072418
06072419
06072420
06072421
06072422
06072423
07072400
07072401
07072402
07072403
07072404
07072405
07072406
07072407
07072408
07072409
07072410
07072411
07072412
07072413
07072414
07072415
07072416
07072417
07072418
07072419
07072420
07072421
07072422
07072423
08072400
08072401
08072402
08072403
08072404
08072405
08072406
08072407
08072408
08072409
08072410
08072411
08072412
08072413
08072414
08072415
08072416
08072417
08072418
08072419
08072420
08072421
08072422
08072423
09072400
09072401
09072402
09072403
09072404
09072405
09072406
09072407
09072408
09072409
09072410
09072411
09072412
09072413
09072414
09072415
09072416
09072417
09072418
09072419
09072420
09072421
09072422
09072423
10072400
10072401
10072402
10072403
10072404
10072405
10072406
10072407
10072408
10072409
10072410
10072411
10072412
10072413
10072414
10072415
10072416
10072417
10072418
10072419
10072420
10072421
10072422
10072423
11072400
11072401
11072402
11072403
11072404
11072405
11072406
11072407
11072408
11072409
11072410
11072411
11072412
11072413
11072414
11072415
11072416
11072417
11072418
11072419
11072420
11072421
11072422
11072423
12072400
12072401
12072402
12072403
12072404
12072405
12072406
12072407
12072408
12072409
12072410
12072411
12072412
12072413
12072414
12072415
12072416
12072417
12072418
12072419
12072420
12072421
12072422
12072423
13072400
13072401
13072402
13072403
13072404
13072405
13072406
13072407
13072408
13072409
13072410
13072411
13072412
13072413
13072414
13072415
13072416
13072417
13072418
13072419
13072420
13072421
13072422
13072423
14072400
14072401
14072402
14072403
14072404
14072405
14072406
14072407
14072408
14072409
14072410
14072411
14072412
14072413
14072414
14072415
14072416
14072417
14072418
14072419
14072420
14072421
14072422
14072423
15072400
15072401
15072402
15072403
15072404
15072405
15072406
15072407
15072408
15072409
15072410
15072411
15072412
15072413
15072414
15072415
15072416
15072417
15072418
15072419
15072420
15072421
15072422
15072423
16072400
16072401
16072402
16072403
16072404
16072405
16072406
16072407
16072408
16072409
16072410
16072411
16072412
16072413
16072414
16072415
16072416
16072417
16072418
16072419
16072420
16072421
16072422
16072423
17072400
17072401
17072402
17072403
17072404
17072405
17072406
17072407
17072408
17072409
17072410
17072411
17072412
17072413
17072414
17072415
17072416
17072417
17072418
17072419
17072420
17072421
17072422
17072423
18072400
18072401
18072402
18072403
18072404
18072405
18072406
18072407
18072408
18072409
18072410
18072411
18072412
18072413
18072414
18072415
18072416
18072417
18072418
18072419
18072420
18072421
18072422
18072423
19072400
19072401
19072402
19072403
19072404
19072405
19072406
19072407
19072408
19072409
19072410
19072411
19072412
19072413
19072414
19072415
19072416
19072417
19072418
19072419
19072420
19072421
19072422
19072423
20072400
20072401
20072402
20072403
20072404
20072405
20072406
20072407
20072408
20072409
20072410
20072411
20072412
20072413
20072414
20072415
20072416
20072417
20072418
20072419
20072420
20072421
20072422
20072423
21072400
21072401
21072402
21072403
21072404
21072405
21072406
21072407
21072408
21072409
21072410
21072411
21072412
21072413
21072414
21072415
21072416
21072417
21072418
21072419
21072420
21072421
21072422
21072423
22072400
22072401
22072402
22072403
22072404
22072405
22072406
22072407
22072408
22072409
22072410
22072411
22072412
22072413
22072414
22072415
22072416
22072417
22072418
22072419
22072420
22072421
22072422
22072423
23072400
23072401
23072402
23072403
23072404
23072405
23072406
23072407
23072408
23072409
23072410
23072411
23072412
23072413
23072414
23072415
23072416
23072417
23072418
23072419
23072420
23072421
23072422
23072423
24072400
24072401
24072402
24072403
24072404
24072405
24072406
24072407
24072408
24072409
24072410
24072411
24072412
24072413
24072414
24072415
24072416
24072417
24072418
24072419
24072420
24072421
24072422
24072423
25072400
25072401
25072402
25072403
25072404
25072405
25072406
25072407
25072408
25072409
25072410
25072411
25072412
25072413
25072414
25072415
25072416
25072417
25072418
25072419
25072420
25072421
25072422
25072423
26072400
26072401
26072402
26072403
26072404
26072405
26072406
26072407
26072408
26072409
26072410
26072411
26072412
26072413
26072414
26072415
26072416
26072417
26072418
26072419
26072420
26072421
26072422
26072423
27072400
27072401
27072402
27072403
27072404
27072405
27072406
27072407
27072408
27072409
27072410
27072411
27072412
27072413
27072414
27072415
27072416
27072417
27072418
27072419
27072420
27072421
27072422
27072423
28072400
28072401
28072402
28072403
28072404
28072405
28072406
28072407
28072408
28072409
28072410
28072411
28072412
28072413
28072414
28072415
28072416
28072417
28072418
28072419
28072420
28072421
28072422
28072423
29072400
29072401
29072402
29072403
29072404
29072405
29072406
29072407
29072408
29072409
29072410
29072411
29072412
29072413
29072414
29072415
29072416
29072417
29072418
29072419
29072420
29072421
29072422
29072423
30072400
30072401
30072402
30072403
30072404
30072405
30072406
30072407
30072408
30072409
30072410
30072411
30072412
30072413
30072414
30072415
30072416
30072417
30072418
30072419
30072420
30072421
30072422
30072423
31072400
31072401
31072402
31072403
31072404
31072405
31072406
31072407
31072408
31072409
31072410
31072411
31072412
31072413
31072414
31072415
31072416
31072417
31072418
31072419
31072420
31072421
31072422
31072423
01082400
01082401
01082402
01082403
01082404
01082405
01082406
01082407
01082408
01082409
01082410
01082411
01082412
01082413
01082414
01082415
01082416
01082417
01082418
01082419
01082420
01082421
01082422
01082423
02082400
02082401
02082402
02082403
02082404
02082405
02082406
02082407
02082408
02082409
02082410
02082411
02082412
02082413
02082414
02082415
02082416
02082417
02082418
02082419
02082420
02082421
02082422
02082423
03082400
03082401
03082402
03082403
03082404
03082405
03082406
03082407
03082408
03082409
03082410
03082411
03082412
03082413
03082414
03082415
03082416
03082417
03082418
03082419
03082420
03082421
03082422
03082423
04082400
04082401
04082402
04082403
04082404
04082405
04082406
04082407
04082408
04082409
04082410
04082411
04082412
04082413
04082414
04082415
04082416
04082417
04082418
04082419
04082420
04082421
04082422
04082423
05082400
05082401
05082402
05082403
05082404
05082405
05082406
05082407
05082408
05082409
05082410
05082411
05082412
05082413
05082414
05082415
05082416
05082417
05082418
05082419
05082420
05082421
05082422
05082423
06082400
06082401
06082402
06082403
06082404
06082405
06082406
06082407
06082408
06082409
06082410
06082411
06082412
06082413
06082414
06082415
06082416
06082417
06082418
06082419
06082420
06082421
06082422
06082423
07082400
07082401
07082402
07082403
07082404
07082405
07082406
07082407
07082408
07082409
07082410
07082411
07082412
07082413
07082414
07082415
07082416
07082417
07082418
07082419
07082420
07082421
07082422
07082423
08082400
08082401
08082402
08082403
08082404
08082405
08082406
08082407
08082408
08082409
08082410
08082411
08082412
08082413
08082414
08082415
08082416
08082417
08082418
08082419
08082420
08082421
08082422
08082423
09082400
09082401
09082402
09082403
09082404
09082405
09082406
09082407
09082408
09082409
09082410
09082411
09082412
09082413
09082414
09082415
09082416
09082417
09082418
09082419
09082420
09082421
09082422
09082423
10082400
10082401
10082402
10082403
10082404
10082405
10082406
10082407
10082408
10082409
10082410
10082411
10082412
10082413
10082414
10082415
10082416
10082417
10082418
10082419
10082420
10082421
10082422
10082423
11082400
11082401
11082402
11082403
11082404
11082405
11082406
11082407
11082408
11082409
11082410
11082411
11082412
11082413
11082414
11082415
11082416
11082417
11082418
11082419
11082420
11082421
11082422
11082423
12082400
12082401
12082402
12082403
12082404
12082405
12082406
12082407
12082408
12082409
12082410
12082411
12082412
12082413
12082414
12082415
12082416
12082417
12082418
12082419
12082420
12082421
12082422
12082423
13082400
13082401
13082402
13082403
13082404
13082405
13082406
13082407
13082408
13082409
13082410
13082411
13082412
13082413
13082414
13082415
13082416
13082417
13082418
13082419
13082420
13082421
13082422
13082423
14082400
14082401
14082402
14082403
14082404
14082405
14082406
14082407
14082408
14082409
14082410
14082411
14082412
14082413
14082414
14082415
14082416
14082417
14082418
14082419
14082420
14082421
14082422
14082423
15082400
15082401
15082402
15082403
15082404
15082405
15082406
15082407
15082408
15082409
15082410
15082411
15082412
15082413
15082414
15082415
15082416
15082417
15082418
15082419
15082420
15082421
15082422
15082423
16082400
16082401
16082402
16082403
16082404
16082405
16082406
16082407
16082408
16082409
16082410
16082411
16082412
16082413
16082414
16082415
16082416
16082417
16082418
16082419
16082420
16082421
16082422
16082423
17082400
17082401
17082402
17082403
17082404
17082405
17082406
17082407
17082408
17082409
17082410
17082411
17082412
17082413
17082414
17082415
17082416
17082417
17082418
17082419
17082420
17082421
17082422
17082423
18082400
18082401
18082402
18082403
18082404
18082405
18082406
18082407
18082408
18082409
18082410
18082411
18082412
18082413
18082414
18082415
18082416
18082417
18082418
18082419
18082420
18082421
18082422
18082423
19082400
19082401
19082402
19082403
19082404
19082405
19082406
19082407
19082408
19082409
19082410
19082411
19082412
19082413
19082414
19082415
19082416
19082417
19082418
19082419
19082420
19082421
19082422
19082423
20082400
20082401
20082402
20082403
20082404
20082405
20082406
20082407
20082408
20082409
20082410
20082411
20082412
20082413
20082414
20082415
20082416
20082417
20082418
20082419
20082420
20082421
20082422
20082423
21082400
21082401
21082402
21082403
21082404
21082405
21082406
21082407
21082408
21082409
21082410
21082411
21082412
21082413
21082414
21082415
21082416
21082417
21082418
21082419
21082420
21082421
21082422
21082423
22082400
22082401
22082402
22082403
22082404
22082405
22082406
22082407
22082408
22082409
22082410
22082411
22082412
22082413
22082414
22082415
22082416
22082417
22082418
22082419
22082420
22082421
22082422
22082423
23082400
23082401
23082402
23082403
23082404
23082405
23082406
23082407
23082408
23082409
23082410
23082411
23082412
23082413
23082414
23082415
23082416
23082417
23082418
23082419
23082420
23082421
23082422
23082423
24082400
24082401
24082402
24082403
24082404
24082405
24082406
24082407
24082408
24082409
24082410
24082411
24082412
24082413
24082414
24082415
24082416
24082417
24082418
24082419
24082420
24082421
24082422
24082423
25082400
25082401
25082402
25082403
25082404
25082405
25082406
25082407
25082408
25082409
25082410
25082411
25082412
25082413
25082414
25082415
25082416
25082417
25082418
25082419
25082420
25082421
25082422
25082423
26082400
26082401
26082402
26082403
26082404
26082405
26082406
26082407
26082408
26082409
26082410
26082411
26082412
26082413
26082414
26082415
26082416
26082417
26082418
26082419
26082420
26082421
26082422
26082423
27082400
27082401
27082402
27082403
27082404
27082405
27082406
27082407
27082408
27082409
27082410
27082411
27082412
27082413
27082414
27082415
27082416
27082417
27082418
27082419
27082420
27082421
27082422
27082423
28082400
28082401
28082402
28082403
28082404
28082405
28082406
28082407
28082408
28082409
28082410
28082411
28082412
28082413
28082414
28082415
28082416
28082417
28082418
28082419
28082420
28082421
28082422
28082423
29082400
29082401
29082402
29082403
29082404
29082405
29082406
29082407
29082408
29082409
29082410
29082411
29082412
29082413
29082414
29082415
29082416
29082417
29082418
29082419
29082420
29082421
29082422
29082423
30082400
30082401
30082402
30082403
30082404
30082405
30082406
30082407
30082408
30082409
30082410
30082411
30082412
30082413
30082414
30082415
30082416
30082417
30082418
30082419
30082420
30082421
30082422
30082423
31082400
31082401
31082402
31082403
31082404
31082405
31082406
31082407
31082408
31082409
31082410
31082411
31082412
31082413
31082414
31082415
31082416
31082417
31082418
31082419
31082420
31082421
31082422
31082423
01092400
01092401
01092402
01092403
01092404
01092405
01092406
01092407
01092408
01092409
01092410
01092411
01092412
01092413
01092414
01092415
01092416
01092417
01092418
01092419
01092420
01092421
01092422
01092423
02092400
02092401
02092402
02092403
02092404
02092405
02092406
02092407
02092408
02092409
02092410
02092411
02092412
02092413
02092414
02092415
02092416
02092417
02092418
02092419
02092420
02092421
02092422
02092423
03092400
03092401
03092402
03092403
03092404
03092405
03092406
03092407
03092408
03092409
03092410
03092411
03092412
03092413
03092414
03092415
03092416
03092417
03092418
03092419
03092420
03092421
03092422
03092423
04092400
04092401
04092402
04092403
04092404
04092405
04092406
04092407
04092408
04092409
04092410
04092411
04092412
04092413
04092414
04092415
04092416
04092417
04092418
04092419
04092420
04092421
04092422
04092423
05092400
05092401
05092402
05092403
05092404
05092405
05092406
05092407
05092408
05092409
05092410
05092411
05092412
05092413
05092414
05092415
05092416
05092417
05092418
05092419
05092420
05092421
05092422
05092423
06092400
06092401
06092402
06092403
06092404
06092405
06092406
06092407
06092408
06092409
06092410
06092411
06092412
06092413
06092414
06092415
06092416
06092417
06092418
06092419
06092420
06092421
06092422
06092423
07092400
07092401
07092402
07092403
07092404
07092405
07092406
07092407
07092408
07092409
07092410
07092411
07092412
07092413
07092414
07092415
07092416
07092417
07092418
07092419
07092420
07092421
07092422
07092423
08092400
08092401
08092402
08092403
08092404
08092405
08092406
08092407
08092408
08092409
08092410
08092411
08092412
08092413
08092414
08092415
08092416
08092417
08092418
08092419
08092420
08092421
08092422
08092423
09092400
09092401
09092402
09092403
09092404
09092405
09092406
09092407
09092408
09092409
09092410
09092411
09092412
09092413
09092414
09092415
09092416
09092417
09092418
09092419
09092420
09092421
09092422
09092423
10092400
10092401
10092402
10092403
10092404
10092405
10092406
10092407
10092408
10092409
10092410
10092411
10092412
10092413
10092414
10092415
10092416
10092417
10092418
10092419
10092420
10092421
10092422
10092423
11092400
11092401
11092402
11092403
11092404
11092405
11092406
11092407
11092408
11092409
11092410
11092411
11092412
11092413
11092414
11092415
11092416
11092417
11092418
11092419
11092420
11092421
11092422
11092423
12092400
12092401
12092402
12092403
12092404
12092405
12092406
12092407
12092408
12092409
12092410
12092411
12092412
12092413
12092414
12092415
12092416
12092417
12092418
12092419
12092420
12092421
12092422
12092423
13092400
13092401
13092402
13092403
13092404
13092405
13092406
13092407
13092408
13092409
13092410
13092411
13092412
13092413
13092414
13092415
13092416
13092417
13092418
13092419
13092420
13092421
13092422
13092423
14092400
14092401
14092402
14092403
14092404
14092405
14092406
14092407
14092408
14092409
14092410
14092411
14092412
14092413
14092414
14092415
14092416
14092417
14092418
14092419
14092420
14092421
14092422
14092423
15092400
15092401
15092402
15092403
15092404
15092405
15092406
15092407
15092408
15092409
15092410
15092411
15092412
15092413
15092414
15092415
15092416
15092417
15092418
15092419
15092420
15092421
15092422
15092423
16092400
16092401
16092402
16092403
16092404
16092405
16092406
16092407
16092408
16092409
16092410
16092411
16092412
16092413
16092414
16092415
16092416
16092417
16092418
16092419
16092420
16092421
16092422
16092423
17092400
17092401
17092402
17092403
17092404
17092405
17092406
17092407
17092408
17092409
17092410
17092411
17092412
17092413
17092414
17092415
17092416
17092417
17092418
17092419
17092420
17092421
17092422
17092423
18092400
18092401
18092402
18092403
18092404
18092405
18092406
18092407
18092408
18092409
18092410
18092411
18092412
18092413
18092414
18092415
18092416
18092417
18092418
18092419
18092420
18092421
18092422
18092423
19092400
19092401
19092402
19092403
19092404
19092405
19092406
19092407
19092408
19092409
19092410
19092411
19092412
19092413
19092414
19092415
19092416
19092417
19092418
19092419
19092420
19092421
19092422
19092423
20092400
20092401
20092402
20092403
20092404
20092405
20092406
20092407
20092408
20092409
20092410
20092411
20092412
20092413
20092414
20092415
20092416
20092417
20092418
20092419
20092420
20092421
20092422
20092423
21092400
21092401
21092402
21092403
21092404
21092405
21092406
21092407
21092408
21092409
21092410
21092411
21092412
21092413
21092414
21092415
21092416
21092417
21092418
21092419
21092420
21092421
21092422
21092423
22092400
22092401
22092402
22092403
22092404
22092405
22092406
22092407
22092408
22092409
22092410
22092411
22092412
22092413
22092414
22092415
22092416
22092417
22092418
22092419
22092420
22092421
22092422
22092423
23092400
23092401
23092402
23092403
23092404
23092405
23092406
23092407
23092408
23092409
23092410
23092411
23092412
23092413
23092414
23092415
23092416
23092417
23092418
23092419
23092420
23092421
23092422
23092423
24092400
24092401
24092402
24092403
24092404
24092405
24092406
24092407
24092408
24092409
24092410
24092411
24092412
24092413
24092414
24092415
24092416
24092417
24092418
24092419
24092420
24092421
24092422
24092423
25092400
25092401
25092402
25092403
25092404
25092405
25092406
25092407
25092408
25092409
25092410
25092411
25092412
25092413
25092414
25092415
25092416
25092417
25092418
25092419
25092420
25092421
25092422
25092423
26092400
26092401
26092402
26092403
26092404
26092405
26092406
26092407
26092408
26092409
26092410
26092411
26092412
26092413
26092414
26092415
26092416
26092417
26092418
26092419
26092420
26092421
26092422
26092423
27092400
27092401
27092402
27092403
27092404
27092405
27092406
27092407
27092408
27092409
27092410
27092411
27092412
27092413
27092414
27092415
27092416
27092417
27092418
27092419
27092420
27092421
27092422
27092423
28092400
28092401
28092402
28092403
28092404
28092405
28092406
28092407
28092408
28092409
28092410
28092411
28092412
28092413
28092414
28092415
28092416
28092417
28092418
28092419
28092420
28092421
28092422
28092423
29092400
29092401
29092402
29092403
29092404
29092405
29092406
29092407
29092408
29092409
29092410
29092411
29092412
29092413
29092414
29092415
29092416
29092417
29092418
29092419
29092420
29092421
29092422
29092423
30092400
30092401
30092402
30092403
30092404
30092405
30092406
30092407
30092408
30092409
30092410
30092411
30092412
30092413
30092414
30092415
30092416
30092417
30092418
30092419
30092420
30092421
30092422
30092423
01102400
01102401
01102402
01102403
01102404
01102405
01102406
01102407
01102408
01102409
01102410
01102411
01102412
01102413
01102414
01102415
01102416
01102417
01102418
01102419
01102420
01102421
01102422
01102423
02102400
02102401
02102402
02102403
02102404
02102405
02102406
02102407
02102408
02102409
02102410
02102411
02102412
02102413
02102414
02102415
02102416
02102417
02102418
02102419
02102420
02102421
02102422
02102423
03102400
03102401
03102402
03102403
03102404
03102405
03102406
03102407
03102408
03102409
03102410
03102411
03102412
03102413
03102414
03102415
03102416
03102417
03102418
03102419
03102420
03102421
03102422
03102423
04102400
04102401
04102402
04102403
04102404
04102405
04102406
04102407
04102408
04102409
04102410
04102411
04102412
04102413
04102414
04102415
04102416
04102417
04102418
04102419
04102420
04102421
04102422
04102423
05102400
05102401
05102402
05102403
05102404
05102405
05102406
05102407
05102408
05102409
05102410
05102411
05102412
05102413
05102414
05102415
05102416
05102417
05102418
05102419
05102420
05102421
05102422
05102423
06102400
06102401
06102402
06102403
06102404
06102405
06102406
06102407
06102408
06102409
06102410
06102411
06102412
06102413
06102414
06102415
06102416
06102417
06102418
06102419
06102420
06102421
06102422
06102423
07102400
07102401
07102402
07102403
07102404
07102405
07102406
07102407
07102408
07102409
07102410
07102411
07102412
07102413
07102414
07102415
07102416
07102417
07102418
07102419
07102420
07102421
07102422
07102423
08102400
08102401
08102402
08102403
08102404
08102405
08102406
08102407
08102408
08102409
08102410
08102411
08102412
08102413
08102414
08102415
08102416
08102417
08102418
08102419
08102420
08102421
08102422
08102423
09102400
09102401
09102402
09102403
09102404
09102405
09102406
09102407
09102408
09102409
09102410
09102411
09102412
09102413
09102414
09102415
09102416
09102417
09102418
09102419
09102420
09102421
09102422
09102423
10102400
10102401
10102402
10102403
10102404
10102405
10102406
10102407
10102408
10102409
10102410
10102411
10102412
10102413
10102414
10102415
10102416
10102417
10102418
10102419
10102420
10102421
10102422
10102423
11102400
11102401
11102402
11102403
11102404
11102405
11102406
11102407
11102408
11102409
11102410
11102411
11102412
11102413
11102414
11102415
11102416
11102417
11102418
11102419
11102420
11102421
11102422
11102423
12102400
12102401
12102402
12102403
12102404
12102405
12102406
12102407
12102408
12102409
12102410
12102411
12102412
12102413
12102414
12102415
12102416
12102417
12102418
12102419
12102420
12102421
12102422
12102423
13102400
13102401
13102402
13102403
13102404
13102405
13102406
13102407
13102408
13102409
13102410
13102411
13102412
13102413
13102414
13102415
13102416
13102417
13102418
13102419
13102420
13102421
13102422
13102423
14102400
14102401
14102402
14102403
14102404
14102405
14102406
14102407
14102408
14102409
14102410
14102411
14102412
14102413
14102414
14102415
14102416
14102417
14102418
14102419
14102420
14102421
14102422
14102423
15102400
15102401
15102402
15102403
15102404
15102405
15102406
15102407
15102408
15102409
15102410
15102411
15102412
15102413
15102414
15102415
15102416
15102417
15102418
15102419
15102420
15102421
15102422
15102423
16102400
16102401
16102402
16102403
16102404
16102405
16102406
16102407
16102408
16102409
16102410
16102411
16102412
16102413
16102414
16102415
16102416
16102417
16102418
16102419
16102420
16102421
16102422
16102423
17102400
17102401
17102402
17102403
17102404
17102405
17102406
17102407
17102408
17102409
17102410
17102411
17102412
17102413
17102414
17102415
17102416
17102417
17102418
17102419
17102420
17102421
17102422
17102423
18102400
18102401
18102402
18102403
18102404
18102405
18102406
18102407
18102408
18102409
18102410
18102411
18102412
18102413
18102414
18102415
18102416
18102417
18102418
18102419
18102420
18102421
18102422
18102423
19102400
19102401
19102402
19102403
19102404
19102405
19102406
19102407
19102408
19102409
19102410
19102411
19102412
19102413
19102414
19102415
19102416
19102417
19102418
19102419
19102420
19102421
19102422
19102423
20102400
20102401
20102402
20102403
20102404
20102405
20102406
20102407
20102408
20102409
20102410
20102411
20102412
20102413
20102414
20102415
20102416
20102417
20102418
20102419
20102420
20102421
20102422
20102423
21102400
21102401
21102402
21102403
21102404
21102405
21102406
21102407
21102408
21102409
21102410
21102411
21102412
21102413
21102414
21102415
21102416
21102417
21102418
21102419
21102420
21102421
21102422
21102423
22102400
22102401
22102402
22102403
22102404
22102405
22102406
22102407
22102408
22102409
22102410
22102411
22102412
22102413
22102414
22102415
22102416
22102417
22102418
22102419
22102420
22102421
22102422
22102423
23102400
23102401
23102402
23102403
23102404
23102405
23102406
23102407
23102408
23102409
23102410
23102411
23102412
23102413
23102414
23102415
23102416
23102417
23102418
23102419
23102420
23102421
23102422
23102423
24102400
24102401
24102402
24102403
24102404
24102405
24102406
24102407
24102408
24102409
24102410
24102411
24102412
24102413
24102414
24102415
24102416
24102417
24102418
24102419
24102420
24102421
24102422
24102423
25102400
25102401
25102402
25102403
25102404
25102405
25102406
25102407
25102408
25102409
25102410
25102411
25102412
25102413
25102414
25102415
25102416
25102417
25102418
25102419
25102420
25102421
25102422
25102423
26102400
26102401
26102402
26102403
26102404
26102405
26102406
26102407
26102408
26102409
26102410
26102411
26102412
26102413
26102414
26102415
26102416
26102417
26102418
26102419
26102420
26102421
26102422
26102423
27102400
27102401
27102401
27102402
27102403
27102404
27102405
27102406
27102407
27102408
27102409
27102410
27102411
27102412
27102413
27102414
27102415
27102416
27102417
27102418
27102419
27102420
27102421
27102422
27102423
28102400
28102401
28102402
28102403
28102404
28102405
28102406
28102407
28102408
28102409
28102410
28102411
28102412
28102413
28102414
28102415
28102416
28102417
28102418
28102419
28102420
28102421
28102422
28102423
29102400
29102401
29102402
29102403
29102404
29102405
29102406
29102407
29102408
29102409
29102410
29102411
29102412
29102413
29102414
29102415
29102416
29102417
29102418
29102419
29102420
29102421
29102422
29102423
30102400
30102401
30102402
30102403
30102404
30102405
30102406
30102407
30102408
30102409
30102410
30102411
30102412
30102413
30102414
30102415
30102416
30102417
30102418
30102419
30102420
30102421
30102422
30102423
31102400
31102401
31102402
31102403
31102404
31102405
31102406
31102407
31102408
31102409
31102410
31102411
31102412
31102413
31102414
31102415
31102416
31102417
31102418
31102419
31102420
31102421
31102422
31102423
01112400
01112401
01112402
01112403
01112404
01112405
01112406
01112407
01112408
01112409
01112410
01112411
01112412
01112413
01112414
01112415
01112416
01112417
01112418
01112419
01112420
01112421
01112422
01112423
02112400
02112401
02112402
02112403
02112404
02112405
02112406
02112407
02112408
02112409
02112410
02112411
02112412
02112413
02112414
02112415
02112416
02112417
02112418
02112419
02112420
02112421
02112422
02112423
03112400
03112401
03112402
03112403
03112404
03112405
03112406
03112407
03112408
03112409
03112410
03112411
03112412
03112413
03112414
03112415
03112416
03112417
03112418
03112419
03112420
03112421
03112422
03112423
04112400
04112401
04112402
04112403
04112404
04112405
04112406
04112407
04112408
04112409
04112410
04112411
04112412
04112413
04112414
04112415
04112416
04112417
04112418
04112419
04112420
04112421
04112422
04112423
05112400
05112401
05112402
05112403
05112404
05112405
05112406
05112407
05112408
05112409
05112410
05112411
05112412
05112413
05112414
05112415
05112416
05112417
05112418
05112419
05112420
05112421
05112422
05112423
06112400
06112401
06112402
06112403
06112404
06112405
06112406
06112407
06112408
06112409
06112410
06112411
06112412
06112413
06112414
06112415
06112416
06112417
06112418
06112419
06112420
06112421
06112422
06112423
07112400
07112401
07112402
07112403
07112404
07112405
07112406
07112407
07112408
07112409
07112410
07112411
07112412
07112413
07112414
07112415
07112416
07112417
07112418
07112419
07112420
07112421
07112422
07112423
08112400
08112401
08112402
08112403
08112404
08112405
08112406
08112407
08112408
08112409
08112410
08112411
08112412
08112413
08112414
08112415
08112416
08112417
08112418
08112419
08112420
08112421
08112422
08112423
09112400
09112401
09112402
09112403
09112404
09112405
09112406
09112407
09112408
09112409
09112410
09112411
09112412
09112413
09112414
09112415
09112416
09112417
09112418
09112419
09112420
09112421
09112422
09112423
10112400
10112401
10112402
10112403
10112404
10112405
10112406
10112407
10112408
10112409
10112410
10112411
10112412
10112413
10112414
10112415
10112416
10112417
10112418
10112419
10112420
10112421
10112422
10112423
11112400
11112401
11112402
11112403
11112404
11112405
11112406
11112407
11112408
11112409
11112410
11112411
11112412
11112413
11112414
11112415
11112416
11112417
11112418
11112419
11112420
11112421
11112422
11112423
12112400
12112401
12112402
12112403
12112404
12112405
12112406
12112407
12112408
12112409
12112410
12112411
12112412
12112413
12112414
12112415
12112416
12112417
12112418
12112419
12112420
12112421
12112422
12112423
13112400
13112401
13112402
13112403
13112404
13112405
13112406
13112407
13112408
13112409
13112410
13112411
13112412
13112413
13112414
13112415
13112416
13112417
13112418
13112419
13112420
13112421
13112422
13112423
14112400
14112401
14112402
14112403
14112404
14112405
14112406
14112407
14112408
14112409
14112410
14112411
14112412
14112413
14112414
14112415
14112416
14112417
14112418
14112419
14112420
14112421
14112422
14112423
15112400
15112401
15112402
15112403
15112404
15112405
15112406
15112407
15112408
15112409
15112410
15112411
15112412
15112413
15112414
15112415
15112416
15112417
15112418
15112419
15112420
15112421
15112422
15112423
16112400
16112401
16112402
16112403
16112404
16112405
16112406
16112407
16112408
16112409
16112410
16112411
16112412
16112413
16112414
16112415
16112416
16112417
16112418
16112419
16112420
16112421
16112422
16112423
17112400
17112401
17112402
17112403
17112404
17112405
17112406
17112407
17112408
17112409
17112410
17112411
17112412
17112413
17112414
17112415
17112416
17112417
17112418
17112419
17112420
17112421
17112422
17112423
18112400
18112401
18112402
18112403
18112404
18112405
18112406
18112407
18112408
18112409
18112410
18112411
18112412
18112413
18112414
18112415
18112416
18112417
18112418
18112419
18112420
18112421
18112422
18112423
19112400
19112401
19112402
19112403
19112404
19112405
19112406
19112407
19112408
19112409
19112410
19112411
19112412
19112413
19112414
19112415
19112416
19112417
19112418
19112419
19112420
19112421
19112422
19112423
20112400
20112401
20112402
20112403
20112404
20112405
20112406
20112407
20112408
20112409
20112410
20112411
20112412
20112413
20112414
20112415
20112416
20112417
20112418
20112419
20112420
20112421
20112422
20112423
21112400
21112401
21112402
21112403
21112404
21112405
21112406
21112407
21112408
21112409
21112410
21112411
21112412
21112413
21112414
21112415
21112416
21112417
21112418
21112419
21112420
21112421
21112422
21112423
22112400
22112401
22112402
22112403
22112404
22112405
22112406
22112407
22112408
22112409
22112410
22112411
22112412
22112413
22112414
22112415
22112416
22112417
22112418
22112419
22112420
22112421
22112422
22112423
23112400
23112401
23112402
23112403
23112404
23112405
23112406
23112407
23112408
23112409
23112410
23112411
23112412
23112413
23112414
23112415
23112416
23112417
23112418
23112419
23112420
23112421
23112422
23112423
24112400
24112401
24112402
24112403
24112404
24112405
24112406
24112407
24112408
24112409
24112410
24112411
24112412
24112413
24112414
24112415
24112416
24112417
24112418
24112419
24112420
24112421
24112422
24112423
25112400
25112401
25112402
25112403
25112404
25112405
25112406
25112407
25112408
25112409
25112410
25112411
25112412
25112413
25112414
25112415
25112416
25112417
25112418
25112419
25112420
25112421
25112422
25112423
26112400
26112401
26112402
26112403
26112404
26112405
26112406
26112407
26112408
26112409
26112410
26112411
26112412
26112413
26112414
26112415
26112416
26112417
26112418
26112419
26112420
26112421
26112422
26112423
27112400
27112401
27112402
27112403
27112404
27112405
27112406
27112407
27112408
27112409
27112410
27112411
27112412
27112413
27112414
27112415
27112416
27112417
27112418
27112419
27112420
27112421
27112422
27112423
28112400
28112401
28112402
28112403
28112404
28112405
28112406
28112407
28112408
28112409
28112410
28112411
28112412
28112413
28112414
28112415
28112416
28112417
28112418
28112419
28112420
28112421
28112422
28112423
29112400
29112401
29112402
29112403
29112404
29112405
29112406
29112407
29112408
29112409
29112410
29112411
29112412
29112413
29112414
29112415
29112416
29112417
29112418
29112419
29112420
29112421
29112422
29112423
30112400
30112401
30112402
30112403
30112404
30112405
30112406
30112407
30112408
30112409
30112410
30112411
30112412
30112413
30112414
30112415
30112416
30112417
30112418
30112419
30112420
30112421
30112422
30112423
01122400
01122401
01122402
01122403
01122404
01122405
01122406
01122407
01122408
01122409
01122410
01122411
01122412
01122413
01122414
01122415
01122416
01122417
01122418
01122419
01122420
01122421
01122422
01122423
02122400
02122401
02122402
02122403
02122404
02122405
02122406
02122407
02122408
02122409
02122410
02122411
02122412
02122413
02122414
02122415
02122416
02122417
02122418
02122419
02122420
02122421
02122422
02122423
03122400
03122401
03122402
03122403
03122404
03122405
03122406
03122407
03122408
03122409
03122410
03122411
03122412
03122413
03122414
03122415
03122416
03122417
03122418
03122419
03122420
03122421
03122422
03122423
04122400
04122401
04122402
04122403
04122404
04122405
04122406
04122407
04122408
04122409
04122410
04122411
04122412
04122413
04122414
04122415
04122416
04122417
04122418
04122419
04122420
04122421
04122422
04122423
05122400
05122401
05122402
05122403
05122404
05122405
05122406
05122407
05122408
05122409
05122410
05122411
05122412
05122413
05122414
05122415
05122416
05122417
05122418
05122419
05122420
05122421
05122422
05122423
06122400
06122401
06122402
06122403
06122404
06122405
06122406
06122407
06122408
06122409
06122410
06122411
06122412
06122413
06122414
06122415
06122416
06122417
06122418
06122419
06122420
06122421
06122422
06122423
07122400
07122401
07122402
07122403
07122404
07122405
07122406
07122407
07122408
07122409
07122410
07122411
07122412
07122413
07122414
07122415
07122416
07122417
07122418
07122419
07122420
07122421
07122422
07122423
08122400
08122401
08122402
08122403
08122404
08122405
08122406
08122407
08122408
08122409
08122410
08122411
08122412
08122413
08122414
08122415
08122416
08122417
08122418
08122419
08122420
08122421
08122422
08122423
09122400
09122401
09122402
09122403
09122404
09122405
09122406
09122407
09122408
09122409
09122410
09122411
09122412
09122413
09122414
09122415
09122416
09122417
09122418
09122419
09122420
09122421
09122422
09122423
10122400
10122401
10122402
10122403
10122404
10122405
10122406
10122407
10122408
10122409
10122410
10122411
10122412
10122413
10122414
10122415
10122416
10122417
10122418
10122419
10122420
10122421
10122422
10122423
11122400
11122401
11122402
11122403
11122404
11122405
11122406
11122407
11122408
11122409
11122410
11122411
11122412
11122413
11122414
11122415
11122416
11122417
11122418
11122419
11122420
11122421
11122422
11122423
12122400
12122401
12122402
12122403
12122404
12122405
12122406
12122407
12122408
12122409
12122410
12122411
12122412
12122413
12122414
12122415
12122416
12122417
12122418
12122419
12122420
12122421
12122422
12122423
13122400
13122401
13122402
13122403
13122404
13122405
13122406
13122407
13122408
13122409
13122410
13122411
13122412
13122413
13122414
13122415
13122416
13122417
13122418
13122419
13122420
13122421
13122422
13122423
14122400
14122401
14122402
14122403
14122404
14122405
14122406
14122407
14122408
14122409
14122410
14122411
14122412
14122413
14122414
14122415
14122416
14122417
14122418
14122419
14122420
14122421
14122422
14122423
15122400
15122401
15122402
15122403
15122404
15122405
15122406
15122407
15122408
15122409
15122410
15122411
15122412
15122413
15122414
15122415
15122416
15122417
15122418
15122419
15122420
15122421
15122422
15122423
16122400
16122401
16122402
16122403
16122404
16122405
16122406
16122407
16122408
16122409
16122410
16122411
16122412
16122413
16122414
16122415
16122416
16122417
16122418
16122419
16122420
16122421
16122422
16122423
17122400
17122401
17122402
17122403
17122404
17122405
17122406
17122407
17122408
17122409
17122410
17122411
17122412
17122413
17122414
17122415
17122416
17122417
17122418
17122419
17122420
17122421
17122422
17122423
18122400
18122401
18122402
18122403
18122404
18122405
18122406
18122407
18122408
18122409
18122410
18122411
18122412
18122413
18122414
18122415
18122416
18122417
18122418
18122419
18122420
18122421
18122422
18122423
19122400
19122401
19122402
19122403
19122404
19122405
19122406
19122407
19122408
19122409
19122410
19122411
19122412
19122413
19122414
19122415
19122416
19122417
19122418
19122419
19122420
19122421
19122422
19122423
20122400
20122401
20122402
20122403
20122404
20122405
20122406
20122407
20122408
20122409
20122410
20122411
20122412
20122413
20122414
20122415
20122416
20122417
20122418
20122419
20122420
20122421
20122422
20122423
21122400
21122401
21122402
21122403
21122404
21122405
21122406
21122407
21122408
21122409
21122410
21122411
21122412
21122413
21122414
21122415
21122416
21122417
21122418
21122419
21122420
21122421
21122422
21122423
22122400
22122401
22122402
22122403
22122404
22122405
22122406
22122407
22122408
22122409
22122410
22122411
22122412
22122413
22122414
22122415
22122416
22122417
22122418
22122419
22122420
22122421
22122422
22122423
23122400
23122401
23122402
23122403
23122404
23122405
23122406
23122407
23122408
23122409
23122410
23122411
23122412
23122413
23122414
23122415
23122416
23122417
23122418
23122419
23122420
23122421
23122422
23122423
24122400
24122401
24122402
24122403
24122404
24122405
24122406
24122407
24122408
24122409
24122410
24122411
24122412
24122413
24122414
24122415
24122416
24122417
24122418
24122419
24122420
24122421
24122422
24122423
25122400
25122401
25122402
25122403
25122404
25122405
25122406
25122407
25122408
25122409
25122410
25122411
25122412
25122413
25122414
25122415
25122416
25122417
25122418
25122419
25122420
25122421
25122422
25122423
26122400
26122401
26122402
26122403
26122404
26122405
26122406
26122407
26122408
26122409
26122410
26122411
26122412
26122413
26122414
26122415
26122416
26122417
26122418
26122419
26122420
26122421
26122422
26122423
27122400
27122401
27122402
27122403
27122404
27122405
27122406
27122407
27122408
27122409
27122410
27122411
27122412
27122413
27122414
27122415
27122416
27122417
27122418
27122419
27122420
27122421
27122422
27122423
28122400
28122401
28122402
28122403
28122404
28122405
28122406
28122407
28122408
28122409
28122410
28122411
28122412
28122413
28122414
28122415
28122416
28122417
28122418
28122419
28122420
28122421
28122422
28122423
29122400
29122401
29122402
29122403
29122404
29122405
29122406
29122407
29122408
29122409
29122410
29122411
29122412
29122413
29122414
29122415
29122416
29122417
29122418
29122419
29122420
29122421
29122422
29122423
30122400
30122401
30122402
30122403
30122404
30122405
30122406
30122407
30122408
30122409
30122410
30122411
30122412
30122413
30122414
30122415
30122416
30122417
30122418
30122419
30122420
30122421
30122422
30122423
31122400
31122401
31122402
31122403
31122404
31122405
31122406
31122407
31122408
31122409
31122410
31122411
31122412
31122413
31122414
31122415
31122416
31122417
31122418
31122419
31122420
31122421
31122422
31122423
