06082309
06082310
06082311
06082312
06082313
06082314
06082315
06082316
06082317
06082318
06082319
06082320
06082321
06082322
06082323
07082300
07082301
07082302
07082303
07082304
07082305
07082306
07082307
07082308
07082309
07082310
07082311
07082312
07082313
07082314
07082315
07082316
07082317
07082318
07082319
07082320
07082321
07082322
07082323
08082300
08082301
08082302
08082303
08082304
08082305
08082306
08082307
08082308
08082309
08082310
08082311
08082312
08082313
08082314
08082315
08082316
08082317
08082318
08082319
08082320
08082321
08082322
08082323
09082300
09082301
09082302
09082303
09082304
09082305
09082306
09082307
09082308
09082309
09082310
09082311
09082312
09082313
09082314
09082315
09082316
09082317
09082318
09082319
09082320
09082321
09082322
09082323
10082300
10082301
10082302
10082303
10082304
10082305
10082306
10082307
10082308
10082309
10082310
10082311
10082312
10082313
10082314
10082315
10082316
10082317
10082318
10082319
10082320
10082321
10082322
10082323
11082300
11082301
11082302
11082303
11082304
11082305
11082306
11082307
11082308
11082309
11082310
11082311
11082312
11082313
11082314
11082315
11082316
11082317
11082318
11082319
11082320
11082321
11082322
11082323
12082300
12082301
12082302
12082303
12082304
12082305
12082306
12082307
12082308
12082309
12082310
12082311
12082312
12082313
12082314
12082315
12082316
12082317
12082318
12082319
12082320
12082321
12082322
12082323
13082300
13082301
13082302
13082303
13082304
13082305
13082306
13082307
13082308
13082309
13082310
13082311
13082312
13082313
13082314
13082315
13082316
13082317
13082318
13082319
13082320
13082321
13082322
13082323
14082300
14082301
14082302
14082303
14082304
14082305
14082306
14082307
14082308
14082309
14082310
14082311
14082312
14082313
14082314
14082315
14082316
14082317
14082318
14082319
14082320
14082321
14082322
14082323
15082300
15082301
15082302
15082303
15082304
15082305
15082306
15082307
15082308
15082309
15082310
15082311
15082312
15082313
15082314
15082315
15082316
15082317
15082318
15082319
15082320
15082321
15082322
15082323
16082300
16082301
16082302
16082303
16082304
16082305
16082306
16082307
16082308
16082309
16082310
16082311
16082312
16082313
16082314
16082315
16082316
16082317
16082318
16082319
16082320
16082321
16082322
16082323
17082300
17082301
17082302
17082303
17082304
17082305
17082306
17082307
17082308
17082309
17082310
17082311
17082312
17082313
17082314
17082315
17082316
17082317
17082318
17082319
17082320
17082321
17082322
17082323
18082300
18082301
18082302
18082303
18082304
18082305
18082306
18082307
18082308
18082309
18082310
18082311
18082312
18082313
18082314
18082315
18082316
18082317
18082318
18082319
18082320
18082321
18082322
18082323
19082300
19082301
19082302
19082303
19082304
19082305
19082306
19082307
19082308
19082309
19082310
19082311
19082312
19082313
19082314
19082315
19082316
19082317
19082318
19082319
19082320
19082321
19082322
19082323
20082300
20082301
20082302
20082303
20082304
20082305
20082306
20082307
20082308
20082309
20082310
20082311
20082312
20082313
20082314
20082315
20082316
20082317
20082318
20082319
20082320
20082321
20082322
20082323
21082300
21082301
21082302
21082303
21082304
21082305
21082306
21082307
21082308
21082309
21082310
21082311
21082312
21082313
21082314
21082315
21082316
21082317
21082318
21082319
21082320
21082321
21082322
21082323
22082300
22082301
22082302
22082303
22082304
22082305
22082306
22082307
22082308
22082309
22082310
22082311
22082312
22082313
22082314
22082315
22082316
22082317
22082318
22082319
22082320
22082321
22082322
22082323
23082300
23082301
23082302
23082303
23082304
23082305
23082306
23082307
23082308
23082309
23082310
23082311
23082312
23082313
23082314
23082315
23082316
23082317
23082318
23082319
23082320
23082321
23082322
23082323
24082300
24082301
24082302
24082303
24082304
24082305
24082306
24082307
24082308
24082309
24082310
24082311
24082312
24082313
24082314
24082315
24082316
24082317
24082318
24082319
24082320
24082321
24082322
24082323
25082300
25082301
25082302
25082303
25082304
25082305
25082306
25082307
25082308
25082309
25082310
25082311
25082312
25082313
25082314
25082315
25082316
25082317
25082318
25082319
25082320
25082321
25082322
25082323
26082300
26082301
26082302
26082303
26082304
26082305
26082306
26082307
26082308
26082309
26082310
26082311
26082312
26082313
26082314
26082315
26082316
26082317
26082318
26082319
26082320
26082321
26082322
26082323
27082300
27082301
27082302
27082303
27082304
27082305
27082306
27082307
27082308
27082309
27082310
27082311
27082312
27082313
27082314
27082315
27082316
27082317
27082318
27082319
27082320
27082321
27082322
27082323
28082300
28082301
28082302
28082303
28082304
28082305
28082306
28082307
28082308
28082309
28082310
28082311
28082312
28082313
28082314
28082315
28082316
28082317
28082318
28082319
28082320
28082321
28082322
28082323
29082300
29082301
29082302
29082303
29082304
29082305
29082306
29082307
29082308
29082309
29082310
29082311
29082312
29082313
29082314
29082315
29082316
29082317
29082318
29082319
29082320
29082321
29082322
29082323
30082300
30082301
30082302
30082303
30082304
30082305
30082306
30082307
30082308
30082309
30082310
30082311
30082312
30082313
30082314
30082315
30082316
30082317
30082318
30082319
30082320
30082321
30082322
30082323
31082300
31082301
31082302
31082303
31082304
31082305
31082306
31082307
31082308
31082309
31082310
31082311
31082312
31082313
31082314
31082315
31082316
31082317
31082318
31082319
31082320
31082321
31082322
31082323
01092300
01092301
01092302
01092303
01092304
01092305
01092306
01092307
01092308
01092309
01092310
01092311
01092312
01092313
01092314
01092315
01092316
01092317
01092318
01092319
01092320
01092321
01092322
01092323
02092300
02092301
02092302
02092303
02092304
02092305
02092306
02092307
02092308
02092309
02092310
02092311
02092312
02092313
02092314
02092315
02092316
02092317
02092318
02092319
02092320
02092321
02092322
02092323
03092300
03092301
03092302
03092303
03092304
03092305
03092306
03092307
03092308
03092309
03092310
03092311
03092312
03092313
03092314
03092315
03092316
03092317
03092318
03092319
03092320
03092321
03092322
03092323
04092300
04092301
04092302
04092303
04092304
04092305
04092306
04092307
04092308
04092309
04092310
04092311
04092312
04092313
04092314
04092315
04092316
04092317
04092318
04092319
04092320
04092321
04092322
04092323
05092300
05092301
05092302
05092303
05092304
05092305
05092306
05092307
05092308
05092309
05092310
05092311
05092312
05092313
05092314
05092315
05092316
05092317
05092318
05092319
05092320
05092321
05092322
05092323
06092300
06092301
06092302
06092303
06092304
06092305
06092306
06092307
06092308
06092309
06092310
06092311
06092312
06092313
06092314
06092315
06092316
06092317
06092318
06092319
06092320
06092321
06092322
06092323
07092300
07092301
07092302
07092303
07092304
07092305
07092306
07092307
07092308
07092309
07092310
07092311
07092312
07092313
07092314
07092315
07092316
07092317
07092318
07092319
07092320
07092321
07092322
07092323
08092300
08092301
08092302
08092303
08092304
08092305
08092306
08092307
08092308
08092309
08092310
08092311
08092312
08092313
08092314
08092315
08092316
08092317
08092318
08092319
08092320
08092321
08092322
08092323
09092300
09092301
09092302
09092303
09092304
09092305
09092306
09092307
09092308
09092309
09092310
09092311
09092312
09092313
09092314
09092315
09092316
09092317
09092318
09092319
09092320
09092321
09092322
09092323
10092300
10092301
10092302
10092303
10092304
10092305
10092306
10092307
10092308
10092309
10092310
10092311
10092312
10092313
10092314
10092315
10092316
10092317
10092318
10092319
10092320
10092321
10092322
10092323
11092300
11092301
11092302
11092303
11092304
11092305
11092306
11092307
11092308
11092309
11092310
11092311
11092312
11092313
11092314
11092315
11092316
11092317
11092318
11092319
11092320
11092321
11092322
11092323
12092300
12092301
12092302
12092303
12092304
12092305
12092306
12092307
12092308
12092309
12092310
12092311
12092312
12092313
12092314
12092315
12092316
12092317
12092318
12092319
12092320
12092321
12092322
12092323
13092300
13092301
13092302
13092303
13092304
13092305
13092306
13092307
13092308
13092309
13092310
13092311
13092312
13092313
13092314
13092315
13092316
13092317
13092318
13092319
13092320
13092321
13092322
13092323
14092300
14092301
14092302
14092303
14092304
14092305
14092306
14092307
14092308
14092309
14092310
14092311
14092312
14092313
14092314
14092315
14092316
14092317
14092318
14092319
14092320
14092321
14092322
14092323
15092300
15092301
15092302
15092303
15092304
15092305
15092306
15092307
15092308
15092309
15092310
15092311
15092312
15092313
15092314
15092315
15092316
15092317
15092318
15092319
15092320
15092321
15092322
15092323
16092300
16092301
16092302
16092303
16092304
16092305
16092306
16092307
16092308
16092309
16092310
16092311
16092312
16092313
16092314
16092315
16092316
16092317
16092318
16092319
16092320
16092321
16092322
16092323
17092300
17092301
17092302
17092303
17092304
17092305
17092306
17092307
17092308
17092309
17092310
17092311
17092312
17092313
17092314
17092315
17092316
17092317
17092318
17092319
17092320
17092321
17092322
17092323
18092300
18092301
18092302
18092303
18092304
18092305
18092306
18092307
18092308
18092309
18092310
18092311
18092312
18092313
18092314
18092315
18092316
18092317
18092318
18092319
18092320
18092321
18092322
18092323
19092300
19092301
19092302
19092303
19092304
19092305
19092306
19092307
19092308
19092309
19092310
19092311
19092312
19092313
19092314
19092315
19092316
19092317
19092318
19092319
19092320
19092321
19092322
19092323
20092300
20092301
20092302
20092303
20092304
20092305
20092306
20092307
20092308
20092309
20092310
20092311
20092312
20092313
20092314
20092315
20092316
20092317
20092318
20092319
20092320
20092321
20092322
20092323
21092300
21092301
21092302
21092303
21092304
21092305
21092306
21092307
21092308
21092309
21092310
21092311
21092312
21092313
21092314
21092315
21092316
21092317
21092318
21092319
21092320
21092321
21092322
21092323
22092300
22092301
22092302
22092303
22092304
22092305
22092306
22092307
22092308
22092309
22092310
22092311
22092312
22092313
22092314
22092315
22092316
22092317
22092318
22092319
22092320
22092321
22092322
22092323
23092300
23092301
23092302
23092303
23092304
23092305
23092306
23092307
23092308
23092309
23092310
23092311
23092312
23092313
23092314
23092315
23092316
23092317
23092318
23092319
23092320
23092321
23092322
23092323
24092300
24092301
24092302
24092303
24092304
24092305
24092306
24092307
24092308
24092309
24092310
24092311
24092312
24092313
24092314
24092315
24092316
24092317
24092318
24092319
24092320
24092321
24092322
24092323
25092300
25092301
25092302
25092303
25092304
25092305
25092306
25092307
25092308
25092309
25092310
25092311
25092312
25092313
25092314
25092315
25092316
25092317
25092318
25092319
25092320
25092321
25092322
25092323
26092300
26092301
26092302
26092303
26092304
26092305
26092306
26092307
26092308
26092309
26092310
26092311
26092312
26092313
26092314
26092315
26092316
26092317
26092318
26092319
26092320
26092321
26092322
26092323
27092300
27092301
27092302
27092303
27092304
27092305
27092306
27092307
27092308
27092309
27092310
27092311
27092312
27092313
27092314
27092315
27092316
27092317
27092318
27092319
27092320
27092321
27092322
27092323
28092300
28092301
28092302
28092303
28092304
28092305
28092306
28092307
28092308
28092309
28092310
28092311
28092312
28092313
28092314
28092315
28092316
28092317
28092318
28092319
28092320
28092321
28092322
28092323
29092300
29092301
29092302
29092303
29092304
29092305
29092306
29092307
29092308
29092309
29092310
29092311
29092312
29092313
29092314
29092315
29092316
29092317
29092318
29092319
29092320
29092321
29092322
29092323
30092300
30092301
30092302
30092303
30092304
30092305
30092306
30092307
30092308
30092309
30092310
30092311
30092312
30092313
30092314
30092315
30092316
30092317
30092318
30092319
30092320
30092321
30092322
30092323
01102300
01102301
01102302
01102303
01102304
01102305
01102306
01102307
01102308
01102309
01102310
01102311
01102312
01102313
01102314
01102315
01102316
01102317
01102318
01102319
01102320
01102321
01102322
01102323
02102300
02102301
02102302
02102303
02102304
02102305
02102306
02102307
02102308
02102309
02102310
02102311
02102312
02102313
02102314
02102315
02102316
02102317
02102318
02102319
02102320
02102321
02102322
02102323
03102300
03102301
03102302
03102303
03102304
03102305
03102306
03102307
03102308
03102309
03102310
03102311
03102312
03102313
03102314
03102315
03102316
03102317
03102318
03102319
03102320
03102321
03102322
03102323
04102300
04102301
04102302
04102303
04102304
04102305
04102306
04102307
04102308
04102309
04102310
04102311
04102312
04102313
04102314
04102315
04102316
04102317
04102318
04102319
04102320
04102321
04102322
04102323
05102300
05102301
05102302
05102303
05102304
05102305
05102306
05102307
05102308
05102309
05102310
05102311
05102312
05102313
05102314
05102315
05102316
05102317
05102318
05102319
05102320
05102321
05102322
05102323
06102300
06102301
06102302
06102303
06102304
06102305
06102306
06102307
06102308
06102309
06102310
06102311
06102312
06102313
06102314
06102315
06102316
06102317
06102318
06102319
06102320
06102321
06102322
06102323
07102300
07102301
07102302
07102303
07102304
07102305
07102306
07102307
07102308
07102309
07102310
07102311
07102312
07102313
07102314
07102315
07102316
07102317
07102318
07102319
07102320
07102321
07102322
07102323
08102300
08102301
08102302
08102303
08102304
08102305
08102306
08102307
08102308
08102309
08102310
08102311
08102312
08102313
08102314
08102315
08102316
08102317
08102318
08102319
08102320
08102321
08102322
08102323
09102300
09102301
09102302
09102303
09102304
09102305
09102306
09102307
09102308
09102309
09102310
09102311
09102312
09102313
09102314
09102315
09102316
09102317
09102318
09102319
09102320
09102321
09102322
09102323
10102300
10102301
10102302
10102303
10102304
10102305
10102306
10102307
10102308
10102309
10102310
10102311
10102312
10102313
10102314
10102315
10102316
10102317
10102318
10102319
10102320
10102321
10102322
10102323
11102300
11102301
11102302
11102303
11102304
11102305
11102306
11102307
11102308
11102309
11102310
11102311
11102312
11102313
11102314
11102315
11102316
11102317
11102318
11102319
11102320
11102321
11102322
11102323
12102300
12102301
12102302
12102303
12102304
12102305
12102306
12102307
12102308
12102309
12102310
12102311
12102312
12102313
12102314
12102315
12102316
12102317
12102318
12102319
12102320
12102321
12102322
12102323
13102300
13102301
13102302
13102303
13102304
13102305
13102306
13102307
13102308
13102309
13102310
13102311
13102312
13102313
13102314
13102315
13102316
13102317
13102318
13102319
13102320
13102321
13102322
13102323
14102300
14102301
14102302
14102303
14102304
14102305
14102306
14102307
14102308
14102309
14102310
14102311
14102312
14102313
14102314
14102315
14102316
14102317
14102318
14102319
14102320
14102321
14102322
14102323
15102300
15102301
15102302
15102303
15102304
15102305
15102306
15102307
15102308
15102309
15102310
15102311
15102312
15102313
15102314
15102315
15102316
15102317
15102318
15102319
15102320
15102321
15102322
15102323
16102300
16102301
16102302
16102303
16102304
16102305
16102306
16102307
16102308
16102309
16102310
16102311
16102312
16102313
16102314
16102315
16102316
16102317
16102318
16102319
16102320
16102321
16102322
16102323
17102300
17102301
17102302
17102303
17102304
17102305
17102306
17102307
17102308
17102309
17102310
17102311
17102312
17102313
17102314
17102315
17102316
17102317
17102318
17102319
17102320
17102321
17102322
17102323
18102300
18102301
18102302
18102303
18102304
18102305
18102306
18102307
18102308
18102309
18102310
18102311
18102312
18102313
18102314
18102315
18102316
18102317
18102318
18102319
18102320
18102321
18102322
18102323
19102300
19102301
19102302
19102303
19102304
19102305
19102306
19102307
19102308
19102309
19102310
19102311
19102312
19102313
19102314
19102315
19102316
19102317
19102318
19102319
19102320
19102321
19102322
19102323
20102300
20102301
20102302
20102303
20102304
20102305
20102306
20102307
20102308
20102309
20102310
20102311
20102312
20102313
20102314
20102315
20102316
20102317
20102318
20102319
20102320
20102321
20102322
20102323
21102300
21102301
21102302
21102303
21102304
21102305
21102306
21102307
21102308
21102309
21102310
21102311
21102312
21102313
21102314
21102315
21102316
21102317
21102318
21102319
21102320
21102321
21102322
21102323
22102300
22102301
22102302
22102303
22102304
22102305
22102306
22102307
22102308
22102309
22102310
22102311
22102312
22102313
22102314
22102315
22102316
22102317
22102318
22102319
22102320
22102321
22102322
22102323
23102300
23102301
23102302
23102303
23102304
23102305
23102306
23102307
23102308
23102309
23102310
23102311
23102312
23102313
23102314
23102315
23102316
23102317
23102318
23102319
23102320
23102321
23102322
23102323
24102300
24102301
24102302
24102303
24102304
24102305
24102306
24102307
24102308
24102309
24102310
24102311
24102312
24102313
24102314
24102315
24102316
24102317
24102318
24102319
24102320
24102321
24102322
24102323
25102300
25102301
25102302
25102303
25102304
25102305
25102306
25102307
25102308
25102309
25102310
25102311
25102312
25102313
25102314
25102315
25102316
25102317
25102318
25102319
25102320
25102321
25102322
25102323
26102300
26102301
26102302
26102303
26102304
26102305
26102306
26102307
26102308
26102309
26102310
26102311
26102312
26102313
26102314
26102315
26102316
26102317
26102318
26102319
26102320
26102321
26102322
26102323
27102300
27102301
27102302
27102303
27102304
27102305
27102306
27102307
27102308
27102309
27102310
27102311
27102312
27102313
27102314
27102315
27102316
27102317
27102318
27102319
27102320
27102321
27102322
27102323
28102300
28102301
28102302
28102303
28102304
28102305
28102306
28102307
28102308
28102309
28102310
28102311
28102312
28102313
28102314
28102315
28102316
28102317
28102318
28102319
28102320
28102321
28102322
28102323
29102300
29102301
29102301
29102302
29102303
29102304
29102305
29102306
29102307
29102308
29102309
29102310
29102311
29102312
29102313
29102314
29102315
29102316
29102317
29102318
29102319
29102320
29102321
29102322
29102323
30102300
30102301
30102302
30102303
30102304
30102305
30102306
30102307
30102308
30102309
30102310
30102311
30102312
30102313
30102314
30102315
30102316
30102317
30102318
30102319
30102320
30102321
30102322
30102323
31102300
31102301
31102302
31102303
31102304
31102305
31102306
31102307
31102308
31102309
31102310
31102311
31102312
31102313
31102314
31102315
31102316
31102317
31102318
31102319
31102320
31102321
31102322
31102323
01112300
01112301
01112302
01112303
01112304
01112305
01112306
01112307
01112308
01112309
01112310
01112311
01112312
01112313
01112314
01112315
01112316
01112317
01112318
01112319
01112320
01112321
01112322
01112323
02112300
02112301
02112302
02112303
02112304
02112305
02112306
02112307
02112308
02112309
02112310
02112311
02112312
02112313
02112314
02112315
02112316
02112317
02112318
02112319
02112320
02112321
02112322
02112323
03112300
03112301
03112302
03112303
03112304
03112305
03112306
03112307
03112308
03112309
03112310
03112311
03112312
03112313
03112314
03112315
03112316
03112317
03112318
03112319
03112320
03112321
03112322
03112323
04112300
04112301
04112302
04112303
04112304
04112305
04112306
04112307
04112308
04112309
04112310
04112311
04112312
04112313
04112314
04112315
04112316
04112317
04112318
04112319
04112320
04112321
04112322
04112323
05112300
05112301
05112302
05112303
05112304
05112305
05112306
05112307
05112308
05112309
05112310
05112311
05112312
05112313
05112314
05112315
05112316
05112317
05112318
05112319
05112320
05112321
05112322
05112323
06112300
06112301
06112302
06112303
06112304
06112305
06112306
06112307
06112308
06112309
06112310
06112311
06112312
06112313
06112314
06112315
06112316
06112317
06112318
06112319
06112320
06112321
06112322
06112323
07112300
07112301
07112302
07112303
07112304
07112305
07112306
07112307
07112308
07112309
07112310
07112311
07112312
07112313
07112314
07112315
07112316
07112317
07112318
07112319
07112320
07112321
07112322
07112323
08112300
08112301
08112302
08112303
08112304
08112305
08112306
08112307
08112308
08112309
08112310
08112311
08112312
08112313
08112314
08112315
08112316
08112317
08112318
08112319
08112320
08112321
08112322
08112323
09112300
09112301
09112302
09112303
09112304
09112305
09112306
09112307
09112308
09112309
09112310
09112311
09112312
09112313
09112314
09112315
09112316
09112317
09112318
09112319
09112320
09112321
09112322
09112323
10112300
10112301
10112302
10112303
10112304
10112305
10112306
10112307
10112308
10112309
10112310
10112311
10112312
10112313
10112314
10112315
10112316
10112317
10112318
10112319
10112320
10112321
10112322
10112323
11112300
11112301
11112302
11112303
11112304
11112305
11112306
11112307
11112308
11112309
11112310
11112311
11112312
11112313
11112314
11112315
11112316
11112317
11112318
11112319
11112320
11112321
11112322
11112323
12112300
12112301
12112302
12112303
12112304
12112305
12112306
12112307
12112308
12112309
12112310
12112311
12112312
12112313
12112314
12112315
12112316
12112317
12112318
12112319
12112320
12112321
12112322
12112323
13112300
13112301
13112302
13112303
13112304
13112305
13112306
13112307
13112308
13112309
13112310
13112311
13112312
13112313
13112314
13112315
13112316
13112317
13112318
13112319
13112320
13112321
13112322
13112323
14112300
14112301
14112302
14112303
14112304
14112305
14112306
14112307
14112308
14112309
14112310
14112311
14112312
14112313
14112314
14112315
14112316
14112317
14112318
14112319
14112320
14112321
14112322
14112323
15112300
15112301
15112302
15112303
15112304
15112305
15112306
15112307
15112308
15112309
15112310
15112311
15112312
15112313
15112314
15112315
15112316
15112317
15112318
15112319
15112320
15112321
15112322
15112323
16112300
16112301
16112302
16112303
16112304
16112305
16112306
16112307
16112308
16112309
16112310
16112311
16112312
16112313
16112314
16112315
16112316
16112317
16112318
16112319
16112320
16112321
16112322
16112323
17112300
17112301
17112302
17112303
17112304
17112305
17112306
17112307
17112308
17112309
17112310
17112311
17112312
17112313
17112314
17112315
17112316
17112317
17112318
17112319
17112320
17112321
17112322
17112323
18112300
18112301
18112302
18112303
18112304
18112305
18112306
18112307
18112308
18112309
18112310
18112311
18112312
18112313
18112314
18112315
18112316
18112317
18112318
18112319
18112320
18112321
18112322
18112323
19112300
19112301
19112302
19112303
19112304
19112305
19112306
19112307
19112308
19112309
19112310
19112311
19112312
19112313
19112314
19112315
19112316
19112317
19112318
19112319
19112320
19112321
19112322
19112323
20112300
20112301
20112302
20112303
20112304
20112305
20112306
20112307
20112308
20112309
20112310
20112311
20112312
20112313
20112314
20112315
20112316
20112317
20112318
20112319
20112320
20112321
20112322
20112323
21112300
21112301
21112302
21112303
21112304
21112305
21112306
21112307
21112308
21112309
21112310
21112311
21112312
21112313
21112314
21112315
21112316
21112317
21112318
21112319
21112320
21112321
21112322
21112323
22112300
22112301
22112302
22112303
22112304
22112305
22112306
22112307
22112308
22112309
22112310
22112311
22112312
22112313
22112314
22112315
22112316
22112317
22112318
22112319
22112320
22112321
22112322
22112323
23112300
23112301
23112302
23112303
23112304
23112305
23112306
23112307
23112308
23112309
23112310
23112311
23112312
23112313
23112314
23112315
23112316
23112317
23112318
23112319
23112320
23112321
23112322
23112323
24112300
24112301
24112302
24112303
24112304
24112305
24112306
24112307
24112308
24112309
24112310
24112311
24112312
24112313
24112314
24112315
24112316
24112317
24112318
24112319
24112320
24112321
24112322
24112323
25112300
25112301
25112302
25112303
25112304
25112305
25112306
25112307
25112308
25112309
25112310
25112311
25112312
25112313
25112314
25112315
25112316
25112317
25112318
25112319
25112320
25112321
25112322
25112323
26112300
26112301
26112302
26112303
26112304
26112305
26112306
26112307
26112308
26112309
26112310
26112311
26112312
26112313
26112314
26112315
26112316
26112317
26112318
26112319
26112320
26112321
26112322
26112323
27112300
27112301
27112302
27112303
27112304
27112305
27112306
27112307
27112308
27112309
27112310
27112311
27112312
27112313
27112314
27112315
27112316
27112317
27112318
27112319
27112320
27112321
27112322
27112323
28112300
28112301
28112302
28112303
28112304
28112305
28112306
28112307
28112308
28112309
28112310
28112311
28112312
28112313
28112314
28112315
28112316
28112317
28112318
28112319
28112320
28112321
28112322
28112323
29112300
29112301
29112302
29112303
29112304
29112305
29112306
29112307
29112308
29112309
29112310
29112311
29112312
29112313
29112314
29112315
29112316
29112317
29112318
29112319
29112320
29112321
29112322
29112323
30112300
30112301
30112302
30112303
30112304
30112305
30112306
30112307
30112308
30112309
30112310
30112311
30112312
30112313
30112314
30112315
30112316
30112317
30112318
30112319
30112320
30112321
30112322
30112323
01122300
01122301
01122302
01122303
01122304
01122305
01122306
01122307
01122308
01122309
01122310
01122311
01122312
01122313
01122314
01122315
01122316
01122317
01122318
01122319
01122320
01122321
01122322
01122323
02122300
02122301
02122302
02122303
02122304
02122305
02122306
02122307
02122308
02122309
02122310
02122311
02122312
02122313
02122314
02122315
02122316
02122317
02122318
02122319
02122320
02122321
02122322
02122323
03122300
03122301
03122302
03122303
03122304
03122305
03122306
03122307
03122308
03122309
03122310
03122311
03122312
03122313
03122314
03122315
03122316
03122317
03122318
03122319
03122320
03122321
03122322
03122323
04122300
04122301
04122302
04122303
04122304
04122305
04122306
04122307
04122308
04122309
04122310
04122311
04122312
04122313
04122314
04122315
04122316
04122317
04122318
04122319
04122320
04122321
04122322
04122323
05122300
05122301
05122302
05122303
05122304
05122305
05122306
05122307
05122308
05122309
05122310
05122311
05122312
05122313
05122314
05122315
05122316
05122317
05122318
05122319
05122320
05122321
05122322
05122323
06122300
06122301
06122302
06122303
06122304
06122305
06122306
06122307
06122308
06122309
06122310
06122311
06122312
06122313
06122314
06122315
06122316
06122317
06122318
06122319
06122320
06122321
06122322
06122323
07122300
07122301
07122302
07122303
07122304
07122305
07122306
07122307
07122308
07122309
07122310
07122311
07122312
07122313
07122314
07122315
07122316
07122317
07122318
07122319
07122320
07122321
07122322
07122323
08122300
08122301
08122302
08122303
08122304
08122305
08122306
08122307
08122308
08122309
08122310
08122311
08122312
08122313
08122314
08122315
08122316
08122317
08122318
08122319
08122320
08122321
08122322
08122323
09122300
09122301
09122302
09122303
09122304
09122305
09122306
09122307
09122308
09122309
09122310
09122311
09122312
09122313
09122314
09122315
09122316
09122317
09122318
09122319
09122320
09122321
09122322
09122323
10122300
10122301
10122302
10122303
10122304
10122305
10122306
10122307
10122308
10122309
10122310
10122311
10122312
10122313
10122314
10122315
10122316
10122317
10122318
10122319
10122320
10122321
10122322
10122323
11122300
11122301
11122302
11122303
11122304
11122305
11122306
11122307
11122308
11122309
11122310
11122311
11122312
11122313
11122314
11122315
11122316
11122317
11122318
11122319
11122320
11122321
11122322
11122323
12122300
12122301
12122302
12122303
12122304
12122305
12122306
12122307
12122308
12122309
12122310
12122311
12122312
12122313
12122314
12122315
12122316
12122317
12122318
12122319
12122320
12122321
12122322
12122323
13122300
13122301
13122302
13122303
13122304
13122305
13122306
13122307
13122308
13122309
13122310
13122311
13122312
13122313
13122314
13122315
13122316
13122317
13122318
13122319
13122320
13122321
13122322
13122323
14122300
14122301
14122302
14122303
14122304
14122305
14122306
14122307
14122308
14122309
14122310
14122311
14122312
14122313
14122314
14122315
14122316
14122317
14122318
14122319
14122320
14122321
14122322
14122323
15122300
15122301
15122302
15122303
15122304
15122305
15122306
15122307
15122308
15122309
15122310
15122311
15122312
15122313
15122314
15122315
15122316
15122317
15122318
15122319
15122320
15122321
15122322
15122323
16122300
16122301
16122302
16122303
16122304
16122305
16122306
16122307
16122308
16122309
16122310
16122311
16122312
16122313
16122314
16122315
16122316
16122317
16122318
16122319
16122320
16122321
16122322
16122323
17122300
17122301
17122302
17122303
17122304
17122305
17122306
17122307
17122308
17122309
17122310
17122311
17122312
17122313
17122314
17122315
17122316
17122317
17122318
17122319
17122320
17122321
17122322
17122323
18122300
18122301
18122302
18122303
18122304
18122305
18122306
18122307
18122308
18122309
18122310
18122311
18122312
18122313
18122314
18122315
18122316
18122317
18122318
18122319
18122320
18122321
18122322
18122323
19122300
19122301
19122302
19122303
19122304
19122305
19122306
19122307
19122308
19122309
19122310
19122311
19122312
19122313
19122314
19122315
19122316
19122317
19122318
19122319
19122320
19122321
19122322
19122323
20122300
20122301
20122302
20122303
20122304
20122305
20122306
20122307
20122308
20122309
20122310
20122311
20122312
20122313
20122314
20122315
20122316
20122317
20122318
20122319
20122320
20122321
20122322
20122323
21122300
21122301
21122302
21122303
21122304
21122305
21122306
21122307
21122308
21122309
21122310
21122311
21122312
21122313
21122314
21122315
21122316
21122317
21122318
21122319
21122320
21122321
21122322
21122323
22122300
22122301
22122302
22122303
22122304
22122305
22122306
22122307
22122308
22122309
22122310
22122311
22122312
22122313
22122314
22122315
22122316
22122317
22122318
22122319
22122320
22122321
22122322
22122323
23122300
23122301
23122302
23122303
23122304
23122305
23122306
23122307
23122308
23122309
23122310
23122311
23122312
23122313
23122314
23122315
23122316
23122317
23122318
23122319
23122320
23122321
23122322
23122323
24122300
24122301
24122302
24122303
24122304
24122305
24122306
24122307
24122308
24122309
24122310
24122311
24122312
24122313
24122314
24122315
24122316
24122317
24122318
24122319
24122320
24122321
24122322
24122323
25122300
25122301
25122302
25122303
25122304
25122305
25122306
25122307
25122308
25122309
25122310
25122311
25122312
25122313
25122314
25122315
25122316
25122317
25122318
25122319
25122320
25122321
25122322
25122323
26122300
26122301
26122302
26122303
26122304
26122305
26122306
26122307
26122308
26122309
26122310
26122311
26122312
26122313
26122314
26122315
26122316
26122317
26122318
26122319
26122320
26122321
26122322
26122323
27122300
27122301
27122302
27122303
27122304
27122305
27122306
27122307
27122308
27122309
27122310
27122311
27122312
27122313
27122314
27122315
27122316
27122317
27122318
27122319
27122320
27122321
27122322
27122323
28122300
28122301
28122302
28122303
28122304
28122305
28122306
28122307
28122308
28122309
28122310
28122311
28122312
28122313
28122314
28122315
28122316
28122317
28122318
28122319
28122320
28122321
28122322
28122323
29122300
29122301
29122302
29122303
29122304
29122305
29122306
29122307
29122308
29122309
29122310
29122311
29122312
29122313
29122314
29122315
29122316
29122317
29122318
29122319
29122320
29122321
29122322
29122323
30122300
30122301
30122302
30122303
30122304
30122305
30122306
30122307
30122308
30122309
30122310
30122311
30122312
30122313
30122314
30122315
30122316
30122317
30122318
30122319
30122320
30122321
30122322
30122323
31122300
31122301
31122302
31122303
31122304
31122305
31122306
31122307
31122308
31122309
31122310
31122311
31122312
31122313
31122314
31122315
31122316
31122317
31122318
31122319
31122320
31122321
31122322
31122323
